-3.429595827765
-3.43002049568
-3.430440879773
-3.430854793434
-3.431259705224
-3.431652839107
-3.432031276551
-3.432392057157
-3.43273227466
-3.433049165485
-3.433340187311
-3.433603085434
-3.433835944908
-3.434037226665
-3.434205785936
-3.434340871522
-3.434442104827
-3.434509438218
-3.434543093122
-3.434543479427
-3.434511098896
-3.434446436536
-3.434349844854
-3.434221426754
-3.434060923258
-3.433867612343
-3.433640224861
-3.433376882766
-3.433075063869
-3.432731595983
-3.432342681926
-3.431903955401
-3.431410566442
-3.430857293934
-3.430238681786
-3.429549194545
-3.428783387716
-3.427936087675
-3.427002575784
-3.425978771194
-3.424861406651
-3.42364819163
-3.422337957151
-3.4209307769
-3.419428059757
-3.417832609645
-3.416148649576
-3.414381807956
-3.412539066394
-3.410628669515
-3.408659998422
-3.406643410737
-3.404590051287
-3.402511638728
-3.400420234454
-3.398328001101
-3.396246958608
-3.394188746131
-3.392164397936
-3.390184140801
-3.388257219351
-3.386391754379
-3.384594637557
-3.382871464281
-3.381226504686
-3.379662711344
-3.378181760794
-3.376784124951
-3.37546916763
-3.37423526084
-3.373079915264
-3.371999919302
-3.370991481267
-3.370050369713
-3.36917204741
-3.368351795096
-3.367584821899
-3.366866360051
-3.366191742356
-3.365556461577
-3.364956211723
-3.364386911873
-3.363844713933
-3.363325996452
-3.362827347317
-3.362345538786
-3.361877498816
-3.361420282861
-3.360971050266
-3.36052704899
-3.360085611632
-3.359644164776
-3.359200252521
-3.358751573839
-3.358296032312
-3.357831795833
-3.357357363137
-3.356871633629
-3.356373976804
-3.355864297712
-3.355343095234
-3.354811510363
-3.354271362232
-3.353725170117
-3.353176160187
-3.35262825624
-3.352086054201
-3.351554780595
-3.351040235678
-3.350548722303
-3.350086961972
-3.349661999838
-3.349281100696
-3.348951638263
-3.348680980206
-3.348476371505
-3.348344818792
-3.348292978287
-3.348327049833
-3.348452679396
-3.348674872065
-3.348997917325
-3.349425327969
-3.349959793705
-3.350603150134
-3.351356363475
-3.352219531104
-3.353191897681
-3.354271886356
-3.355457144233
-3.356744600974
-3.358130539088
-3.359610674134
-3.36118024276
-3.362834096143
-3.364566796149
-3.366372711239
-3.368246109052
-3.370181242657
-3.372172427688
-3.374214108006
-3.376300908102
-3.378427671074
-3.380589481672
-3.382781674606
-3.384999828904
-3.387239749649
-3.38949743892
-3.391769058096
-3.394050883989
-3.396339261443
-3.398630555129
-3.400921103207
-3.4032071753
-3.405484936885
-3.40775042174
-3.409999513547
-3.412227937319
-3.414431260846
-3.416604906099
-3.418744170281
-3.420844256027
-3.422900310143
-3.424907470043
-3.426860916878
-3.428755934098
-3.430587969972
-3.432352702386
-3.434046104065
-3.435664506304
-3.437204659309
-3.43866378734
-3.440039637043
-3.441330517547
-3.44253533119
-3.443653594
-3.444685445392
-3.445631646905
-3.44649357017
-3.447273174624
-3.447972975795
-3.448596005171
-3.44914576281
-3.449626163923
-3.450041480694
-3.450396280613
-3.450695362594
-3.45094369209
-3.451146336382
-3.451308401119
-3.451434969121
-3.451531042329
-3.451601487684
-3.451650987602
-3.451683995574
-3.451704697321
-3.45171697783
-3.451724394487
-3.451730156423
-3.451737110064
-3.451747730757
-3.451764120241
-3.451788009641
-3.451820767579
-3.45186341293
-3.451916631662
-3.45198079713
-3.452055993102
-3.452142038762
-3.452238514842
-3.452344790024
-3.452460046716
-3.452583305364
-3.45271344652
-3.452849230072
-3.452989311166
-3.453132252617
-3.453276533824
-3.453420556491
-3.453562647729
-3.453701061326
-3.453833978144
-3.453959506672
-3.454075684744
-3.454180483345
-3.454271813251
-3.454347535026
-3.45440547265
-3.454443430788
-3.454459215554
-3.454450658429
-3.454415642946
-3.454352133634
-3.454258206681
-3.454132081725
-3.453972154192
-3.453777027593
-3.453545545224
-3.453276820648
-3.452970266341
-3.452625619819
-3.452242966513
-3.451822758658
-3.451365829435
-3.450873401596
-3.450347089856
-3.449788896372
-3.449201198749
-3.448586730133
-3.447948551136
-3.447290013538
-3.446614715913
-3.445926451586
-3.445229149594
-3.444526809609
-3.44382343204
-3.443122944733
-3.442429127817
-3.441745538277
-3.441075435855
-3.440421711837
-3.439786822245
-3.439172726977
-3.438580836431
-3.438011967223
-3.437466308673
-3.436943401799
-3.436442132523
-3.435960740693
-3.435496846239
-3.435047493357
-3.43460921303
-3.43417810349
-3.433749927458
-3.433320224236
-3.432884433944
-3.432438030529
-3.431976659669
-3.431496277319
-3.430993284584
-3.43046465467
-3.429908047964
-3.429321911672
-3.428705560965
-3.428059239129
-3.427384154823
-3.42668249516
-3.425957413914
-3.425212994769
-3.42445419008
-3.423686736211
-3.422917046966
-3.42215208712
-3.421399228405
-3.420666090728
-3.419960371784
-3.419289668721
-3.418661295915
-3.418082103334
-3.417558300137
-3.417095288194
-3.416697509979
-3.416368314896
-3.416109847597
-3.415922961261
-3.415807158234
-3.415760559774
-3.415779905955
-3.415860586081
-3.415996699161
-3.416181143216
-3.416405731437
-3.416661332456
-3.416938031347
-3.417225307382
-3.417512224183
-3.417787627631
-3.41804034684
-3.418259393568
-3.418434155695
-3.418554580665
-3.418611345262
-3.418596008511
-3.418501145046
-3.418320456783
-3.418048861357
-3.417682556367
-3.417219059165
-3.416657222655
-3.415997228255
-3.415240557827
-3.414389947007
-3.41344932277
-3.412423728448
-3.41131923956
-3.410142873774
-3.408902498108
-3.407606736074
-3.406264876931
-3.404886788594
-3.403482835081
-3.40206379875
-3.400640806941
-3.399225262097
-3.397828773984
-3.396463092318
-3.395140037945
-3.393871430799
-3.392669013061
-3.391544366394
-3.390508822628
-3.389573367895
-3.388748540788
-3.388044325666
-3.387470042683
-3.387034236475
-3.386744565743
-3.386607696173
-3.386629199281
-3.386813459782
-3.387163594035
-3.387681381926
-3.388367214225
-3.389220057103
-3.39023743499
-3.391415432455
-3.392748715302
-3.394230570626
-3.395852965159
-3.39760662088
-3.3994811065
-3.401464943076
-3.403545721728
-3.405710231096
-3.407944592066
-3.410234397129
-3.412564851755
-3.41492091521
-3.417287438359
-3.419649296201
-3.421991513168
-3.424299379565
-3.426558557987
-3.428755178943
-3.430875925413
-3.432908106497
-3.434839720773
-3.436659510369
-3.438357007087
-3.439922572158
-3.441347431293
-3.442623706773
-3.443744448172
-3.444703663159
-3.445496349475
-3.446118528741
-3.446567282253
-3.446840788293
-3.446938359913
-3.446860481592
-3.446608842681
-3.446186365221
-3.445597223485
-3.444846852495
-3.443941942765
-3.442890418598
-3.441701397443
-3.440385128075
-3.438952905708
-3.437416962611
-3.435790333346
-3.434086694417
-3.432320178878
-3.430505167271
-3.428656057142
-3.42678701428
-3.424911709633
-3.423043046584
-3.421192883859
-3.419371759795
-3.417588623962
-3.415850582325
-3.414162662035
-3.412527601713
-3.410945672603
-3.409414535321
-3.407929136131
-3.406481645815
-3.405061443253
-3.403655144839
-3.402246679864
-3.400817410962
-3.399346297743
-3.397810100814
-3.396183622571
-3.394439980415
-3.392550907478
-3.390487075485
-3.38821843407
-3.385714560677
-3.382945015135
-3.379879693058
-3.376489172445
-3.372745048169
-3.36862024951
-3.364089336421
-3.35912877085
-3.353717160079
-3.347835469699
-3.341467204426
-3.334598555492
-3.327218513779
-3.31931894828
-3.310894649783
-3.301943340053
-3.292465647129
-3.282465047762
-3.271947778412
-3.260922716646
-3.249401235217
-3.237397031478
-3.224925935242
-3.212005698548
-3.198655771091
-3.184897065383
-3.170751715786
-3.156242835673
-3.141394276829
-3.126230394936
-3.110775824601
-3.095055266807
-3.079093291084
-3.062914154072
-3.046541635561
-3.029998892614
-3.013308331916
-2.996491500158
-2.979568991967
-2.962560374714
-2.945484129467
-2.928357607355
-2.911197000721
-2.894017328499
-2.876832435302
-2.859655003629
-2.84249657851
-2.825367603738
-2.808277468755
-2.791234565213
-2.774246352299
-2.757319429959
-2.740459619258
-2.723672049085
-2.706961248299
-2.690331242186
-2.67378565182
-2.657327794497
-2.640960783111
-2.624687621946
-2.608511296152
-2.592434852035
-2.576461465227
-2.56059449397
-2.544837514881
-2.529194338963
-2.513669006042
-2.49826575641
-2.482988979126
-2.467843137189
-2.452832670601
-2.43796187906
-2.423234786801
-2.408654992703
-2.394225509368
-2.379948595316
-2.365825584781
-2.351856719819
-2.33804098953
-2.324375981199
-2.31085774801
-2.297480697715
-2.284237506272
-2.271119059926
-2.258114428618
-2.245210872851
-2.232393885341
-2.219647267886
-2.206953242947
-2.194292598471
-2.181644863502
-2.16898851123
-2.156301185343
-2.143559944973
-2.130741523203
-2.117822593977
-2.104780042389
-2.091591233601
-2.078234276083
-2.064688275398
-2.050933575337
-2.036951983823
-2.02272698153
-2.008243911675
-1.993490149827
-1.978455252803
-1.963131085825
-1.947511927095
-1.931594548795
-1.915378273407
-1.89886500415
-1.882059228466
-1.864967993701
-1.847600854602
-1.829969792748
-1.812089108634
-1.793975287673
-1.775646841926
-1.757124129764
-1.738429156068
-1.719585355761
-1.700617363644
-1.681550773546
-1.662411889777
-1.643227473857
-1.624024489399
-1.604829848006
-1.585670158974
-1.566571485552
-1.547559110517
-1.528657313716
-1.509889164119
-1.491276328723
-1.472838900315
-1.454595245791
-1.436561876285
-1.41875334003
-1.401182138445
-1.383858665606
-1.366791170892
-1.349985744205
-1.333446322801
-1.3171747184
-1.301170662939
-1.285431871141
-1.269954117991
-1.25473132928
-1.239755683505
-1.225017723662
-1.21050647764
-1.196209586129
-1.182113437081
-1.168203305813
-1.154463499902
-1.140877507981
-1.127428151546
-1.114097738841
-1.100868219902
-1.08772134186
-1.074638803667
-1.061602409466
-1.048594219817
-1.035596699952
-1.022592864065
-1.009566414488
-0.9965018743872
-0.9833847123892
-0.9702014574035
-0.9569398017538
-0.9435886907671
-0.9301383971112
-0.9165805784771
-0.9029083176228
-0.8891161442602
-0.8752000387216
-0.86115741774
-0.8469871029934
-0.8326892733184
-0.8182654017145
-0.8037181784562
-0.7890514218184
-0.7742699780853
-0.7593796126447
-0.7443868940449
-0.729299072913
-0.7141239576147
-0.6988697884901
-0.6835451124801
-0.6681586599529
-0.65271922557
-0.6372355550589
-0.6217162397714
-0.6061696208667
-0.5906037048689
-0.5750260921715
-0.5594439198081
-0.5438638194514
-0.5282918911608
-0.5127336928814
-0.4971942451419
-0.4816780498388
-0.4661891214661
-0.4507310286824
-0.4353069437274
-0.4199196969347
-0.4045718334551
-0.3892656693089
-0.374003344041
-0.3587868675321
-0.3436181588996
-0.3284990758548
-0.3134314333392
-0.2984170107188
-0.2834575472994
-0.2685547264302
-0.2537101489855
-0.2389252975444
-0.2242014930691
-0.2095398463149
-0.1949412065379
-0.1804061103043
-0.1659347333133
-0.1515268481161
-0.1371817904323
-0.1228984364217
-0.1086751927876
-0.09451000097636
-0.08040035605516
-0.0663433401431
-0.05233566961327
-0.03837375471769
-0.02445376985366
-0.01057173239047
0.003276412202182
0.01709470126932
0.03088706430634
0.04465723309711
0.05840865502399
0.0721444118772
0.08586714639779
0.09957899862306
0.1132815538582
0.1269758037752
0.1406621217559
0.1543402531701
0.1680093208344
0.181667845452
0.1953137804037
0.2089445598547
0.2225571587999
0.2361481634089
0.2497138498783
0.2632502699534
0.2767533413135
0.2902189410813
0.3036430007729
0.3170216010196
0.3303510643721
0.3436280444574
0.3568496097312
0.3700133200743
0.3831172945296
0.396160268566
0.4091416393957
0.4220614980672
0.4349206473203
0.4477206045077
0.4604635892776
0.4731524961423
0.4857908525191
0.4983827632752
0.5109328431899
0.5234461390388
0.5359280431942
0.5483842007429
0.5608204121557
0.5732425335215
0.5856563762675
0.5980676081715
0.610481657338
0.6229036207068
0.6353381785827
0.647789516606
0.6602612564853
0.6727563966733
0.685277263979
0.6978254769022
0.7104019212591
0.7230067384587
0.7356393265821
0.7482983542266
0.7609817868868
0.7736869254545
0.7864104562134
0.7991485114869
0.8118967398759
0.8246503848353
0.8374043701863
0.850153391067
0.8628920087662
0.8756147478769
0.8883161942389
0.9009910922247
0.9136344400301
0.9262415817358
0.9388082949638
0.9513308729536
0.9638061998138
0.9762318176143
0.9886059838995
1.000927718173
1.013196835951
1.025413969098
1.037580571359
1.04969890825
1.061772030804
1.073803733068
1.085798493644
1.097761402065
1.109698071196
1.121614537307
1.13351714979
1.145412452783
1.157307061203
1.169207533881
1.181120246555
1.193051267585
1.205006239193
1.216990266943
1.229007820051
1.24106264482
1.253157693144
1.265295067561
1.277475983728
1.289700750623
1.30196876818
1.31427854156
1.326627710807
1.33901309435
1.351430744525
1.363876013144
1.37634362503
1.388827757402
1.401322123028
1.413820055182
1.426314592577
1.438798562666
1.451264661886
1.463705531663
1.476113829185
1.488482292216
1.500803797414
1.513071411913
1.52527843813
1.537418452058
1.549485335534
1.561473303177
1.573376924855
1.585191144571
1.596911296685
1.60853312029
1.620052772492
1.631466841271
1.642772358493
1.653966813578
1.665048168214
1.676014872357
1.686865881602
1.697600675781
1.708219278489
1.718722276997
1.729110841869
1.739386745393
1.749552377782
1.759610759977
1.76956555173
1.77942105364
1.789182201797
1.79885455378
1.808444264942
1.817958054127
1.827403158265
1.83678727567
1.846118498221
1.855405232972
1.864656114129
1.873879906588
1.883085402571
1.892281313107
1.901476156359
1.910678144966
1.919895074664
1.929134216513
1.938402214966
1.947704993858
1.957047672193
1.966434491287
1.975868754575
1.985352781111
1.994887873538
2.004474301086
2.014111297909
2.023797076855
2.033528858516
2.043302915168
2.053114628988
2.062958563713
2.072828548688
2.082717774074
2.09261889581
2.102524148737
2.112425466135
2.122314603701
2.132183265787
2.142023231556
2.151826478576
2.161585301354
2.171292422364
2.180941093325
2.190525184682
2.200039261635
2.209478645386
2.218839458717
2.228118655371
2.237314033072
2.246424230352
2.255448707628
2.264387713252
2.27324223551
2.282013941788
2.290705106426
2.299318529034
2.307857445399
2.31632543337
2.324726316387
2.333064067382
2.341342715818
2.349566260475
2.357738590283
2.365863415146
2.373944208199
2.381984160469
2.389986148418
2.397952714408
2.40588605973
2.413788049458
2.421660228133
2.429503845007
2.437319887434
2.445109120849
2.452872133708
2.460609385687
2.468321257428
2.476008100114
2.483670283213
2.491308238823
2.498922501147
2.506513739835
2.514082786097
2.521630650748
2.529158533594
2.536667823916
2.544160092128
2.55163707309
2.559100641969
2.56655278389
2.573995558963
2.581431064447
2.588861395918
2.596288609245
2.603714685017
2.611141496805
2.61857078429
2.626004131952
2.633442953659
2.640888483205
2.648341770628
2.655803683976
2.663274916035
2.670755995455
2.678247301602
2.685749082421
2.69326147455
2.700784524939
2.708318213188
2.715862473771
2.723417217297
2.730982349865
2.738557789595
2.746143479429
2.753739395452
2.761345550167
2.768961990478
2.776588790447
2.784226039229
2.791873824888
2.799532214985
2.807201234985
2.814880845587
2.822570920055
2.830271222585
2.8379813886
2.845700907755
2.853429110249
2.861165156835
2.86890803275
2.876656545585
2.884409326995
2.892164838067
2.899921378159
2.907677097036
2.915430010126
2.923178016695
2.930918920667
2.938650453775
2.94637030064
2.954076125391
2.961765599406
2.969436429771
2.977086388019
2.98471333874
2.992315267604
2.999890308381
3.007436768513
3.014953152814
3.022438184815
3.029890825269
3.037310287281
3.044696047503
3.052047852907
3.059365722646
3.066649944737
3.073901067426
3.081119885423
3.0883074215
3.095464904286
3.102593743398
3.109695503288
3.116771877236
3.123824662836
3.130855740061
3.137867052588
3.144860592637
3.151838389099
3.158802498359
3.165754996879
3.17269797445
3.179633526917
3.186563747315
3.193490714526
3.200416478911
3.207343044783
3.214272349965
3.221206243126
3.228146459925
3.235094599201
3.242052100577
3.249020224688
3.256000037049
3.262992396162
3.269997946132
3.277017113625
3.284050108722
3.29109692899
3.298157365911
3.305231012766
3.312317273094
3.319415368898
3.326524347896
3.333643089202
3.340770306922
3.347904551268
3.355044206871
3.362187488123
3.369332431561
3.376476885531
3.383618497662
3.390754701001
3.397882699963
3.404999457498
3.412101685065
3.419185837054
3.426248111233
3.433284456656
3.440290590167
3.447262022386
3.454194093672
3.461082020248
3.467920950202
3.474706028662
3.481432470861
3.488095641278
3.494691136489
3.501214868985
3.507663148935
3.514032760853
3.520321032275
3.52652589184
3.532645914607
3.538680352908
3.544629151608
3.550492947252
3.556273051179
3.561971417311
3.567590595904
3.573133675008
3.578604211777
3.584006155947
3.589343767914
3.594621533819
3.599844079939
3.605016088573
3.610142217442
3.615227024431
3.620274899279
3.62529000364
3.630276220661
3.635237115026
3.640175904053
3.645095440163
3.649998204606
3.654886312077
3.659761525528
3.66462528033
3.669478716761
3.674322719724
3.679157964515
3.683984967392
3.688804139681
3.6936158441
3.698420451943
3.70321839975
3.708010244056
3.71279671278
3.717578751762
3.722357564902
3.727134646343
3.731911803132
3.736691166994
3.741475194101
3.746266652133
3.751068594439
3.755884321637
3.760717331533
3.765571258757
3.770449805917
3.775356668481
3.780295455865
3.785269611464
3.790282334366
3.795336505444
3.800434620115
3.805578729567
3.81077039153
3.816010630971
3.821299910393
3.826638108932
3.832024509123
3.837457790133
3.842936026374
3.848456690607
3.854016660973
3.859612231689
3.865239127445
3.870892521785
3.876567059917
3.882256886527
3.887955679184
3.893656687888
3.89935278117
3.905036498935
3.910700111965
3.916335687641
3.921935161147
3.927490411078
3.932993338141
3.938435945467
3.943810418929
3.949109205863
3.954325090593
3.959451265267
3.964481394636
3.969409673646
3.974230876957
3.978940399806
3.983534289968
3.988009270815
3.992362755776
3.996592854689
4.000698372705
4.004678802542
4.008534310881
4.012265719706
4.015874483176
4.019362660379
4.022732883904
4.025988323743
4.029132645539
4.032169961778
4.035104774048
4.037941904087
4.04068641069
4.043343488716
4.045918345106
4.048416045333
4.050841322238
4.05319833841
4.055490393514
4.057719569574
4.059886310209
4.061988934009
4.064023087335
4.065981147443
4.067851592573
4.069618361028
4.071260225969
4.072750216197
4.074055115469
4.075135073465
4.075943360551
4.076426295693
4.076523372533
4.076167602873
4.075286089859
4.073800835423
4.071629778314
4.068688050726
4.064889433485
4.060147982245
4.054379790533
4.047504849911
4.039448963301
4.030145664644
4.019538096776
4.007580799535
3.994241361743
3.979501893594
3.963360280091
3.945831181274
3.926946750944
3.90675705223
3.885330155498
3.86275191153
3.839125400398
3.814570063865
3.789220536193
3.763225194791
3.736744458053
3.709948862807
3.68301695802
3.6561330547
3.62948487426
3.603261139055
3.577649149312
3.552832390261
3.52898821197
3.506285622149
3.484883229113
3.464927368294
3.446550441167
3.429869490537
3.414985030794
3.40198014627
3.39091986531
3.381850812206
3.374801133966
3.369780693956
3.366781520039
3.365778490736
3.366730239483
3.369580253947
3.374258144934
3.380681057484
3.388755195415
3.39837742988
3.409436962319
3.42181701267
3.435396504627
3.450051721241
3.465657906034
3.482090787073
3.499228004078
3.516950421482
3.53514331346
3.553697410126
3.57250979728
3.591484665274
3.610533905443
3.629577555348
3.648544096437
3.667370609918
3.686002798458
3.70439488293
3.722509384707
3.740316805123
3.757795214501
3.774929763811
3.79171213237
3.808139925215
3.824216033723
3.839947972933
3.855347208686
3.870428487228
3.885209179303
3.899708649797
3.913947662905
3.927947831346
3.941731116612
3.955319385476
3.968734026245
3.981995626404
3.995123711635
4.008136544577
4.021050980319
4.033882374502
4.046644539032
4.059349739842
4.072008730797
4.084630817653
4.097223945998
4.10979480718
4.122348956436
4.13489093773
4.147424410165
4.159952271311
4.172476773259
4.184999627812
4.197522097791
4.210045072079
4.222569122703
4.235094542922
4.247621366019
4.260149365196
4.272678035705
4.285206561057
4.297733765863
4.310258058474
4.322777367069
4.335289073183
4.347789946736
4.360276086524
4.372742869809
4.385184914228
4.397596054605
4.409969336632
4.422297028668
4.434570652192
4.446781030768
4.458918356808
4.470972274876
4.482931979938
4.494786328626
4.506523961366
4.518133433047
4.529603349679
4.5409225084
4.552080038054
4.563065537566
4.573869209412
4.584481985659
4.594895644346
4.605102914306
4.615097566943
4.624874493849
4.634429769555
4.643760699055
4.652865850089
4.661745070426
4.670399490605
4.678831512734
4.687044786019
4.695044169752
4.702835684536
4.710426452548
4.717824627732
4.725039316897
4.732080492771
4.738958900129
4.74568595615
4.752273646178
4.758734416052
4.765081062204
4.771326620734
4.777484256673
4.783567154671
4.789588412278
4.795560936966
4.801497347913
4.80740988353
4.813310315586
4.819209870759
4.82511916033
4.831048118673
4.837005951014
4.843001090788
4.849041166681
4.855132979279
4.861282487016
4.867494800973
4.873774187958
4.880124081259
4.886547098435
4.893045065574
4.899619047413
4.906269382808
4.912995725003
4.919797086289
4.926671886641
4.93361800603
4.940632840106
4.947713358934
4.954856168393
4.962057573809
4.96931364522
4.976620283615
4.983973287269
4.991368417175
4.99880146036
5.006268289724
5.013764918865
5.021287550275
5.028832615206
5.036396803671
5.04397708321
5.051570705526
5.059175200502
5.066788357664
5.074408195633
5.082032920565
5.089660874994
5.097290478858
5.104920164774
5.112548309916
5.12017316703
5.127792797252
5.135405007395
5.143007294201
5.150596797743
5.15817026574
5.165724030059
5.173253996218
5.180755646255
5.188224054982
5.195653919326
5.203039600248
5.21037517653
5.217654509543
5.224871317892
5.232019260588
5.23909202713
5.246083432606
5.25298751573
5.259798637593
5.266511578833
5.273121632993
5.279624693877
5.286017334905
5.292296878622
5.298461454803
5.30451004588
5.310442518749
5.316259642369
5.321963090926
5.327555432687
5.333040105065
5.338421376794
5.343704298509
5.348894643442
5.353998840379
5.359023901409
5.363977347271
5.368867133179
5.373701577787
5.378489297475
5.383239147395
5.387960169874
5.392661549896
5.397352576625
5.402042609312
5.406741045532
5.411457289473
5.416200717995
5.420980642311
5.425806263521
5.43068662065
5.435630530437
5.440646518741
5.445742744066
5.45092691431
5.456206198396
5.461587134827
5.467075539544
5.472676415549
5.478393866851
5.484231019117
5.490189949346
5.496271626535
5.502475865112
5.508801292462
5.515245331535
5.521804199089
5.528472919681
5.535245355161
5.542114249074
5.549071285116
5.55610715857
5.563211659484
5.570373766279
5.577581748376
5.584823276425
5.592085538705
5.599355362205
5.606619336936
5.613863942037
5.621075672356
5.6282411643
5.635347319876
5.642381427982
5.649331282118
5.656185293809
5.662932601116
5.669563171611
5.67606789913
5.682438693502
5.688668562285
5.694751683486
5.700683468176
5.706460611903
5.71208113382
5.717544402392
5.722851146493
5.728003450609
5.733004732857
5.737859704607
5.74257431079
5.747155650395
5.75161187735
5.755952082698
5.760186159808
5.764324655109
5.768378607525
5.772359380255
5.77627848887
5.780147429755
5.783977512881
5.78777970259
5.791564469767
5.795341658337
5.799120368585
5.802908859353
5.80671447072
5.810543568288
5.81440150979
5.818292634273
5.822220273679
5.826186786286
5.830193610991
5.834241341019
5.838329815155
5.842458224098
5.846625229066
5.850829089349
5.855067795142
5.859339201772
5.863641161293
5.867971647507
5.872328870633
5.876711378212
5.881118139291
5.885548609485
5.890002775183
5.894481175874
5.898984904277
5.903515584687
5.908075330523
5.912666682653
5.917292530497
5.921956018282
5.926660439184
5.931409120319
5.936205301767
5.941052012976
5.945951949888
5.950907356041
5.955919910705
5.960990626782
5.966119760926
5.971306738028
5.976550092035
5.981847424922
5.987195385467
5.992589669353
5.998025041748
6.003495383119
6.008993758424
6.014512509165
6.020043366953
6.025577586498
6.031106095142
6.036619655413
6.042109036504
6.047565190162
6.052979426181
6.058343582581
6.063650185659
6.068892595413
6.074065132352
6.079163182333
6.08418327676
6.089123146176
6.09398174593
6.098759253305
6.103457036135
6.108077593707
6.112624471476
6.117102151895
6.121515924359
6.125871737883
6.130176040627
6.134435610739
6.138657383194
6.142848277368
6.147015030027
6.151164038203
6.155301216149
6.159431870157
6.16356059448
6.167691191022
6.171826614706
6.175968945715
6.180119389037
6.184278301
6.188445241842
6.192619052642
6.196797954348
6.200979666006
6.205161538742
6.209340701572
6.213514214692
6.217679225669
6.221833123729
6.225973687363
6.230099220587
6.234208673533
6.238301743499
6.242378953302
6.246441704475
6.250492303811
6.25453396262
6.258570769076
6.262607634885
6.266650218351
6.270704826496
6.274778299365
6.278877879896
6.283011072804
6.287185495929
6.291408727387
6.295688151711
6.300030807986
6.304443242782
6.308931370412
6.313500342799
6.318154430915
6.322896919505
6.327730016573
6.332654778919
6.337671054803
6.34277744459
6.347971279918
6.353248621592
6.358604276013
6.364031829585
6.369523700193
6.375071204616
6.380664640498
6.386293381397
6.391945983392
6.397610301715
6.403273615962
6.408922762495
6.41454427278
6.420124516462
6.425649848063
6.431106756202
6.436482014179
6.441762830634
6.44693699877
6.451993042369
6.456920356515
6.461709340672
6.466351521562
6.470839663177
6.475167861339
6.479331620417
6.483327910198
6.487155201375
6.490813478672
6.494304231224
6.497630420469
6.500796426425
6.503807973858
6.506672040395
6.50939674919
6.511991249148
6.514465586106
6.516830568474
6.519097630843
6.521278698789
6.523386057635
6.525432227322
6.527429844857
6.529391555065
6.531329909721
6.533257274567
6.53518574334
6.537127057733
6.539092532286
6.541092983383
6.543138661871
6.54523918918
6.547403497151
6.549639772127
6.551955404093
6.554356941808
6.556850055006
6.559439504721
6.562129122803
6.564921801616
6.567819494826
6.570823229978
6.573933133293
6.577148466747
6.580467677015
6.583888455424
6.587407807574
6.591022130861
6.594727297757
6.5985187424
6.602391547871
6.60634053145
6.610360325242
6.614445449782
6.618590378589
6.622789592088
6.627037619839
6.631329070473
6.635658649267
6.640021163651
6.644411517439
6.64882469491
6.653255736279
6.657699706412
6.662151658877
6.666606597574
6.67105943815
6.675504971304
6.679937829788
6.684352460569
6.688743103138
6.693103774464
6.69742826062
6.701710114642
6.705942659923
6.710118998188
6.714232021088
6.718274424474
6.722238724624
6.726117275992
6.729902290437
6.733585858299
6.737159972045
6.740616553411
6.743947485023
6.747144647341
6.750199961542
6.753105438581
6.755853234349
6.758435710527
6.76084550045
6.763075579105
6.765119336214
6.766970651224
6.768623968932
6.770074374376
6.771317665636
6.772350423166
6.773170074321
6.77377495173
6.7741643442
6.774338538766
6.77429885254
6.774047652993
6.77358836538
6.772925466104
6.772064461038
6.771011848124
6.769775064063
6.768362415444
6.766782995293
6.765046586643
6.763163555281
6.76114473435
6.759001303928
6.756744668977
6.754386339242
6.751937814571
6.749410478901
6.746815505647
6.744163776623
6.741465815826
6.738731738599
6.735971215805
6.733193451887
6.730407175014
6.727620636969
6.724841620109
6.722077448476
6.719335000109
6.716620717759
6.713940615512
6.711300279354
6.708704860316
6.706159059561
6.70366710544
6.701232723233
6.698859098802
6.696548837806
6.694303922412
6.692125667608
6.690014679302
6.687970816398
6.685993159002
6.684079984801
6.682228755483
6.68043611486
6.678697900058
6.677009166774
6.675364229183
6.673756714604
6.672179632552
6.670625457368
6.669086223155
6.667553629379
6.666019155071
6.664474179269
6.662910105075
6.661318484539
6.659691141494
6.658020289453
6.65629864177
6.65451951141
6.652676897899
6.6507655594
6.648781068267
6.646719848986
6.644579197967
6.642357285275
6.640053139007
6.637666613628
6.635198344137
6.632649688387
6.63002266021
6.627319856182
6.624544378899
6.62169975954
6.618789882237
6.615818912433
6.612791230978
6.60971137523
6.606583987967
6.603413774449
6.600205467652
6.596963801359
6.593693490631
6.590399219014
6.587085631681
6.583757333571
6.580418891467
6.577074838808
6.573729682011
6.570387907055
6.567053985187
6.563732376775
6.560427532619
6.557143892354
6.553885879969
6.550657896802
6.54746431265
6.5443094558
6.541197602798
6.53813296866
6.535119697948
6.532161856841
6.529263425922
6.526428293092
6.523660245717
6.520962960949
6.518339993059
6.51579475673
6.513330505384
6.510950303968
6.50865699592
6.50645316443
6.504341088436
6.502322694056
6.500399502412
6.498572574987
6.496842457881
6.495209126522
6.493671932672
6.492229555756
6.49087996065
6.489620364049
6.488447211285
6.487356165146
6.486342107802
6.485399156534
6.484520693496
6.48369940936
6.482927360244
6.482196036934
6.481496445069
6.480819194636
6.480154596933
6.479492767027
6.478823729704
6.478137526894
6.477424324599
6.476674517412
6.47587882881
6.475028405576
6.474114904888
6.473130572922
6.472068314079
6.470921750363
6.469685270854
6.468354071593
6.466924186572
6.465392510654
6.463756815317
6.462015757989
6.460168885605
6.458216632878
6.456160315584
6.454002119042
6.451745081755
6.449393074018
6.446950771111
6.444423620606
6.441817803229
6.439140186804
6.43639827293
6.433600136324
6.430754357062
6.427869946309
6.424956266456
6.422022946901
6.419079796907
6.41613671712
6.413203611321
6.410290299879
6.407406436158
6.404561426888
6.401764357197
6.399023920706
6.39634835488
6.393745381612
6.391222152951
6.388785201862
6.386440397884
6.384192907615
6.382047159966
6.380006816179
6.378074744689
6.376253000973
6.374542812666
6.372944570352
6.371457824613
6.37008129002
6.368812856872
6.36764961138
6.366587864895
6.365623192424
6.364750480332
6.363963982698
6.363257385401
6.362623876708
6.362056222862
6.361546847052
6.36108791005
6.360671390814
6.360289165455
6.359933083115
6.359595037484
6.359267032957
6.358941244654
6.358610071847
6.358266184583
6.357902563512
6.357512533124
6.35708978868
6.356628417206
6.356122912998
6.355568188146
6.35495957868
6.354292846986
6.353564181122
6.352770191605
6.351907906047
6.350974761862
6.349968597076
6.348887639169
6.347730491854
6.346496119724
6.345183830835
6.343793257423
6.342324335147
6.340777281455
6.339152573884
6.337450929195
6.335673284337
6.333820780125
6.331894748371
6.329896702942
6.327828334941
6.325691511934
6.323488280872
6.321220874197
6.318891718503
6.316503445058
6.31405890152
6.311561164147
6.309013549825
6.306419627259
6.303783226686
6.301108447565
6.298399663795
6.29566152621
6.292898962229
6.290117172752
6.287321626453
6.284518051724
6.28171242642
6.278910965489
6.27612010637
6.273346491887
6.270596950192
6.267878471172
6.265198178664
6.26256329777
6.259981116626
6.2574589421
6.255004049148
6.252623623823
6.250324700299
6.248114092598
6.245998322006
6.243983541448
6.24207545826
6.240279257
6.238599524005
6.237040175475
6.235604390794
6.234294552735
6.23311219601
6.232057965467
6.231131584993
6.23033183795
6.229656559693
6.229102642422
6.228666052304
6.228341858553
6.228124273885
6.228006705586
6.227981816312
6.228041593636
6.228177427354
6.228380193604
6.228640344894
6.228948005174
6.229293069125
6.229665304735
6.230054458197
6.230450360018
6.230843031157
6.231222787983
6.231580344714
6.231906911973
6.232194289939
6.232434954464
6.232622134446
6.232749878646
6.232813110204
6.232807667206
6.232730327893
6.232578819436
6.232351809637
6.232048881339
6.231670489838
6.231217904062
6.230693132785
6.230098837646
6.229438235192
6.228714990678
6.227933106703
6.227096810187
6.226210441358
6.225278348592
6.224304792794
6.223293864728
6.222249418136
6.221175020798
6.220073924851
6.218949056821
6.217803026958
6.216638156605
6.215456521611
6.214260009079
6.213050384211
6.21182936354
6.210598690571
6.209360209733
6.208115934646
6.206868107036
6.20561924319
6.204372165495
6.203130017436
6.201896261215
6.200674657979
6.199469231423
6.198284216239
6.197123993545
6.195993015995
6.194895725679
6.193836468212
6.192819406439
6.191848437122
6.190927113635
6.190058577334
6.18924549972
6.188490036953
6.18779379765
6.187157824245
6.186582587602
6.186067993968
6.185613402849
6.185217653996
6.184879101426
6.184595652308
6.184364808608
6.184183709602
6.18404917369
6.183957738286
6.183905696924
6.183889133066
6.183903950371
6.183945899437
6.184010601263
6.184093567836
6.1841902204
6.184295905968
6.184405912595
6.184515483742
6.184619831804
6.184714150647
6.184793626759
6.184853448554
6.184888813385
6.184894932019
6.184867030581
6.184800350269
6.184690145425
6.184531680753
6.184320228573
6.184051067079
6.183719480512
6.183320762081
6.182850220382
6.182303189879
6.181675045922
6.180961224572
6.180157247358
6.179258750879
6.178261521033
6.177161531407
6.175954985242
6.174638360111
6.173208454265
6.171662433375
6.169997876191
6.168212817507
6.166305786758
6.164275840559
6.162122587483
6.159846203363
6.157447435374
6.154927593161
6.152288525404
6.149532580518
6.146662550631
6.143681598595
6.140593168443
6.137400880418
6.134108412335
6.130719369575
6.127237146467
6.123664782178
6.120004814435
6.116259134576
6.11242884744
6.108514139541
6.104514158824
6.100426909053
6.096249161552
6.091976386614
6.08760270636
6.083120870312
6.078522254293
6.07379688269
6.068933473457
6.063919504665
6.058741300799
6.053384136459
6.047832354615
6.042069496166
6.036078437289
6.029841530937
6.023340748962
6.016557821575
6.009474371273
6.002072038931
5.994332600331
5.986238072051
5.977770806264
5.968913574539
5.959649641221
5.949962827391
5.939837566695
5.929258954526
5.918212792126
5.906685627182
5.89466479242
5.882138443624
5.869095598374
5.855526176683
5.841421044511
5.826772060942
5.811572129573
5.79581525434
5.779496599678
5.762612554488
5.745160799026
5.727140373409
5.708551746202
5.689396881297
5.669679301231
5.649404145012
5.62857821851
5.607210035455
5.585309847133
5.562889658931
5.539963232108
5.516546069457
5.492655383955
5.46831004998
5.443530537194
5.418338827625
5.39275831683
5.366813700313
5.34053084653
5.313936657978
5.287058922003
5.259926153027
5.232567428037
5.205012217106
5.177290210736
5.149431145652
5.121464630571
5.093419973348
5.065326010863
5.037210942972
5.009102171894
4.981026148386
4.953008226042
4.925072524985
4.897241806099
4.869537356869
4.841978889783
4.814584454191
4.787370362439
4.760351131053
4.733539437573
4.706946093504
4.680580033613
4.654448321576
4.62855617175
4.602906986678
4.577502409826
4.552342392938
4.527425277368
4.502747888638
4.478305643375
4.454092667623
4.430101925322
4.406325355565
4.382754016979
4.359378237413
4.336187766892
4.313171931707
4.290319787395
4.267620268373
4.245062332025
4.222635095162
4.200327960934
4.178130734509
4.156033726105
4.1340278403
4.112104650895
4.090256460973
4.068476348095
4.046758194863
4.025096705237
4.003487407147
3.981926642042
3.960411542147
3.938939996329
3.917510605697
3.896122630223
3.874775927922
3.853470888302
3.832208361951
3.810989588217
3.789816122926
3.768689767946
3.747612504158
3.726586429108
3.705613700209
3.684696484056
3.663836912085
3.643037042545
3.622298828592
3.601624092224
3.581014503771
3.560471566696
3.539996607519
3.519590770745
3.499255018694
3.478990136244
3.4587967405
3.438675295506
3.418626132147
3.398649473317
3.378745464354
3.358914208487
3.33915580673
3.319470401284
3.299858221099
3.280319627867
3.260855160482
3.241465575781
3.2221518834
3.202915372589
3.18375762908
3.164680540346
3.145686288045
3.12677732695
3.107956350314
3.089226242292
3.07059001871
3.052050758094
3.033611525344
3.015275290804
2.997044847727
2.978922731273
2.960911142192
2.94301187827
2.925226276427
2.907555168003
2.889998849305
2.872557068904
2.855229032518
2.838013425614
2.820908453125
2.803911895003
2.787021175589
2.770233444222
2.753545663968
2.736954705001
2.720457438965
2.704050830658
2.687732023598
2.67149841646
2.655347727975
2.639278048619
2.623287878152
2.607376148785
2.591542234353
2.575785946358
2.560107518135
2.544507578593
2.528987117221
2.513547442039
2.498190132277
2.482916987451
2.467729974456
2.452631174109
2.437622728357
2.422706789098
2.407885469295
2.393160796758
2.378534670753
2.364008821429
2.349584771957
2.335263803275
2.32104692139
2.306934827247
2.292927889281
2.279026118847
2.265229148756
2.251536215203
2.237946143399
2.224457337196
2.211067773037
2.197774998486
2.184576135654
2.171467889815
2.158446563602
2.145508077133
2.132647994441
2.119861556434
2.107143720435
2.09448920613
2.081892547466
2.069348149837
2.056850351663
2.044393489356
2.031971964552
2.019580312469
2.007213270225
1.994865843952
1.982533373607
1.970211594386
1.957896693761
1.945585363168
1.933274843429
1.920962963013
1.908648168289
1.896329544946
1.884006829801
1.871680412333
1.859351325408
1.847021224906
1.834692358207
1.822367521781
1.810050008429
1.797743545025
1.785452221928
1.773180415462
1.760932705075
1.748713786942
1.736528385821
1.724381167024
1.712276650375
1.700219128017
1.68821258797
1.676260645471
1.664366484617
1.652532813792
1.640761840179
1.629055271294
1.617414354648
1.605839969724
1.594332788654
1.582893522612
1.571523269577
1.560223975579
1.54899901609
1.537853897132
1.526797067477
1.515840824632
1.50500228852
1.494304408756
1.483776964446
1.473457510281
1.463392219556
1.453636574062
1.444255852662
1.435325374727
1.426930461419
1.419166086525
1.412136198938
1.405952710141
1.400734151774
1.396604019954
1.393688834036
1.392115947554
1.392011157964
1.393496169179
1.39668596662
1.401686168407
1.408590418317
1.417477886166
1.428410939387
1.441433045825
1.456566962282
1.473813256352
1.493149200852
1.514528070871
1.537878863658
1.563106451253
1.590092165507
1.61869480508
1.648752044455
1.680082216258
1.712486430378
1.745750986716
1.779650032981
1.813948414894
1.848404663468
1.882774062671
1.916811740746
1.950275729595
1.982929938877
2.014546994745
2.044910897253
2.073819455394
2.101086464211
2.126543594508
2.15004197206
2.17145342985
2.190671423556
2.207611607061
2.222212071162
2.234433254665
2.244257542701
2.251688572199
2.256750268949
2.259485644548
2.259955384562
2.258236261573
2.254419408204
2.248608485909
2.24091778514
2.231470291603
2.220395751749
2.207828768398
2.193906954706
2.178769171542
2.162553869954
2.145397556913
2.127433398938
2.108789974772
2.089590184902
2.069950322589
2.049979308101
2.029778085138
2.00943917588
1.989046388796
1.968674671231
1.948390096968
1.928249977403
1.908303083753
1.888589966792
1.869143360018
1.849988651802
1.831144412132
1.812622959844
1.794430956912
1.776570017299
1.759037319016
1.741826209372
1.724926794768
1.708326507832
1.692010646006
1.675962876993
1.660165707521
1.644600912825
1.62924992503
1.614094179295
1.599115417157
1.584295947033
1.569618862338
1.555068218071
1.540629167194
1.526288058506
1.512032498144
1.497851377314
1.483734869259
1.469674398925
1.455662589134
1.441693187306
1.427760976888
1.413861677564
1.39999183816
1.386148725909
1.372330215451
1.358534680737
1.344760892723
1.331007925548
1.317275073525
1.303561780955
1.289867586243
1.276192081301
1.262534886642
1.248895642014
1.235274011945
1.221669705136
1.208082506326
1.194512318961
1.180959216791
1.167423502313
1.153905769783
1.140406970327
1.126928476529
1.113472143757
1.100040365503
1.086636120124
1.073263006635
1.059925267588
1.046627797555
1.033376136284
1.020176446163
1.007035474177
0.9939604990132
0.9809592643191
0.9680398994471
0.9552108292034
0.9424806743259
0.9298581445626
0.9173519263744
0.9049705674155
0.8927223600441
0.8806152261453
0.8686566055033
0.8568533498168
0.8452116242286
0.8337368179594
0.822433465333
0.8113051781821
0.8003545903792
0.7895833150483
0.7789919149025
0.7685798860788
0.7583456557739
0.7482865938892
0.738399038734
0.7286783366198
0.7191188948978
0.7097142476676
0.7004571330151
0.6913395802476
0.6823530052069
0.6734883113813
0.6647359942573
0.6560862461578
0.6475290587704
0.6390543206781
0.6306519075171
0.6223117628915
0.6140239688559
0.605778805572
0.5975668005601
0.5893787687092
0.5812058448071
0.5730395107344
0.5648716196195
0.5566944191783
0.5485005761904
0.540283203624
0.5320358913557
0.5237527407829
0.5154284029506
0.5070581191574
0.4986377624198
0.4901638777164
0.4816337186517
0.4730452781121
0.4643973106531
0.4556893447322
0.4469216834525
0.4380953931366
0.4292122797323
0.4202748536662
0.4112862842515
0.4022503450806
0.3931713520052
0.3840540953465
0.3749037679478
0.3657258905903
0.3565262361933
0.347310754091
0.338085495561
0.3288565416556
0.3196299342834
0.3104116114087
0.3012073471823
0.2920226978059
0.282862953938
0.2737331004559
0.2646377843625
0.2555812915332
0.2465675328344
0.2376000399105
0.2286819706523
0.2198161240519
0.2110049638306
0.2022506499227
0.1935550766147
0.1849199159117
0.1763466645492
0.1678366930053
0.1593912948816
0.1510117350792
0.1426992952751
0.1344553152974
0.1262812291172
0.1181785943395
0.1101491142776
0.1021946519231
0.09431723535452
0.08651905434125
0.0788024480969
0.0711698843369
0.06362393000809
0.05616721429661
0.0488023847712
0.04153205776817
0.03435876435118
0.02728489336692
0.02031263325066
0.01344391429749
0.006680353097975
2.320073380068e-005
-0.006526703855176
-0.0129689741686
-0.01930370922225
-0.02553151878966
-0.0316535404315
-0.03767144812302
-0.04358745243002
-0.04940429229729
-0.05512521863069
-0.06075397000055
-0.0662947409772
-0.07175214382294
-0.07713116449021
-0.08243711409353
-0.08767557720684
-0.09285235846082
-0.09797342894515
-0.1030448738307
-0.1080728424102
-0.1130635014403
-0.1180229923122
-0.1229573922421
-0.1278726794156
-0.1327747018511
-0.1376691496698
-0.1425615304374
-0.1474571472533
-0.1523610792715
-0.1572781643372
-0.1622129834189
-0.1671698465246
-0.1721527798068
-0.177165513576
-0.1822114709439
-0.1872937568165
-0.1924151469873
-0.1975780771674
-0.2027846319387
-0.2080365338071
-0.2133351327241
-0.2186813966017
-0.2240759034254
-0.2295188355661
-0.2350099768016
-0.2405487124085
-0.2461340324906
-0.2517645385385
-0.2574384530776
-0.2631536321982
-0.2689075807612
-0.2746974701131
-0.2805201582033
-0.2863722120528
-0.2922499325546
-0.2981493816026
-0.3040664115384
-0.3099966968817
-0.3159357682699
-0.3218790484604
-0.3278218901315
-0.3337596150727
-0.3396875541885
-0.3456010876005
-0.3514956840451
-0.357366938752
-0.3632106090404
-0.3690226469634
-0.374799228449
-0.3805367785089
-0.3862319922279
-0.3918818514083
-0.3974836369558
-0.4030349373591
-0.4085336539193
-0.4139780036785
-0.419366521214
-0.4246980605398
-0.4299717982648
-0.4351872389204
-0.4403442230076
-0.4454429378763
-0.450483931083
-0.4554681254253
-0.4603968344837
-0.465271777259
-0.4700950903863
-0.4748693364424
-0.4795975070189
-0.4842830194985
-0.4889297068117
-0.4935417998246
-0.498123902374
-0.5026809592741
-0.5072182178591
-0.5117411838085
-0.5162555721273
-0.5207672542433
-0.5252822022289
-0.5298064311655
-0.5343459406368
-0.5389066562755
-0.5434943721796
-0.5481146948947
-0.5527729895205
-0.557474328396
-0.5622234427254
-0.5670246774627
-0.571881949741
-0.576798711149
-0.5817779141838
-0.5868219832524
-0.5919327906147
-0.5971116376388
-0.6023592416752
-0.6076757287606
-0.6130606322461
-0.6185128973244
-0.6240308913101
-0.6296124194062
-0.635254745565
-0.6409546179375
-0.6467082983087
-0.6525115948694
-0.658359897685
-0.6642482162966
-0.6701712190021
-0.6761232734926
-0.6820984886472
-0.6880907573947
-0.6940938006524
-0.7001012124077
-0.7061065060301
-0.7121031618509
-0.7180846759555
-0.7240446099855
-0.7299766415857
-0.7358746149631
-0.7417325908711
-0.747544895225
-0.7533061654755
-0.7590113938314
-0.7646559664208
-0.7702356975063
-0.7757468579365
-0.7811861971224
-0.7865509579718
-0.7918388844096
-0.7970482213231
-0.802177707002
-0.807226558358
-0.812194449417
-0.8170814837812
-0.8218881619641
-0.8266153447111
-0.8312642136079
-0.8358362304278
-0.8403330967515
-0.8447567154051
-0.8491091551914
-0.8533926202602
-0.8576094252544
-0.8617619770959
-0.8658527639132
-0.8698843511806
-0.8738593846665
-0.8777805993442
-0.881650833051
-0.8854730434353
-0.8892503266104
-0.8929859359139
-0.8966832992364
-0.9003460334877
-0.9039779549043
-0.9075830840472
-0.9111656445158
-0.9147300546086
-0.9182809114333
-0.9218229672932
-0.9253610985608
-0.9289002676367
-0.932445478955
-0.9360017302755
-0.9395739606688
-0.9431669966489
-0.9467854978663
-0.9504339036894
-0.9541163819214
-0.9578367808222
-0.9615985855218
-0.9654048798117
-0.9692583141553
-0.9731610805969
-0.9771148950781
-0.9811209875198
-0.9851800999061
-0.989292492486
-0.9934579580509
-0.9976758440236
-1.001945081796
-1.006264222405
-1.010631477283
-1.01504476256
-1.01950174517
-1.023999889051
-1.028536499788
-1.033108766362
-1.037713798956
-1.04234866213
-1.047010402952
-1.051696073909
-1.056402750531
-1.061127543814
-1.065867607546
-1.07062014081
-1.075382386003
-1.080151622917
-1.084925159585
-1.089700320753
-1.094474434926
-1.099244821001
-1.104008775488
-1.108763561268
-1.113506398792
-1.118234460405
-1.122944868342
-1.127634696596
-1.132300976602
-1.13694070641
-1.141550862789
-1.146128415647
-1.150670344121
-1.155173653796
-1.159635394681
-1.164052679775
-1.168422704302
-1.172742765891
-1.177010286102
-1.181222833696
-1.18537814991
-1.189474175709
-1.193509080685
-1.19748129291
-1.201389528794
-1.205232821838
-1.209010549136
-1.212722454608
-1.216368668101
-1.219949719767
-1.223466549343
-1.226920510157
-1.230313367851
-1.233647293881
-1.236924853946
-1.240148991491
-1.243323006538
-1.246450530102
-1.249535494626
-1.252582100909
-1.255594782105
-1.258578165306
-1.26153703116
-1.264476271796
-1.26740084731
-1.270315741033
-1.273225913905
-1.276136258447
-1.279051552931
-1.281976416533
-1.284915266342
-1.28787227714
-1.290851344869
-1.293856054607
-1.296889653822
-1.299955031526
-1.303054703854
-1.306190806422
-1.309365093602
-1.312578944631
-1.315833376267
-1.319129061494
-1.322466353712
-1.325845315788
-1.329265753358
-1.332727251811
-1.336229216328
-1.339770914319
-1.34335151939
-1.346970155834
-1.350625942394
-1.354318033887
-1.358045659192
-1.361808154089
-1.365604987576
-1.369435780488
-1.373300315564
-1.377198538479
-1.381130549745
-1.385096587729
-1.389097003408
-1.393132227723
-1.397202732633
-1.40130898715
-1.405451409797
-1.409630319015
-1.413845883065
-1.418098070952
-1.422386605753
-1.426710921626
-1.431070125637
-1.435462965416
-1.439887803561
-1.444342599577
-1.448824899985
-1.453331837091
-1.4578601367
-1.462406134876
-1.46696580364
-1.471534785281
-1.47610843472
-1.480681869103
-1.485250023489
-1.489807711239
-1.494349687429
-1.498870713417
-1.503365620652
-1.507829371861
-1.512257117997
-1.516644249685
-1.520986442355
-1.5252796947
-1.529520360544
-1.533705174539
-1.537831272412
-1.541896206696
-1.545897958967
-1.549834949621
-1.553706046086
-1.557510570134
-1.561248304647
-1.564919499907
-1.568524879137
-1.57206564276
-1.575543470681
-1.578960521772
-1.582319429759
-1.585623294805
-1.588875670192
-1.592080543712
-1.595242313574
-1.598365758845
-1.60145600462
-1.60451848228
-1.607558885259
-1.610583120823
-1.613597258324
-1.616607474446
-1.61961999594
-1.62264104042
-1.62567675592
-1.628733160011
-1.631816079359
-1.634931090661
-1.638083463842
-1.641278108347
-1.644519523256
-1.647811751905
-1.651158341619
-1.654562309194
-1.658026112731
-1.66155163047
-1.665140147182
-1.668792348594
-1.672508324106
-1.676287577829
-1.680129047684
-1.684031132049
-1.687991723162
-1.692008246316
-1.696077703698
-1.700196721632
-1.70436159988
-1.708568361625
-1.712812802742
-1.717090539024
-1.721397050154
-1.72572771944
-1.730077868618
-1.734442787436
-1.738817758049
-1.743198074627
-1.747579058815
-1.751956071849
-1.756324524239
-1.760679883974
-1.765017684178
-1.769333531004
-1.773623112431
-1.777882208371
-1.782106702315
-1.786292594652
-1.790436017697
-1.794533252497
-1.798580747444
-1.802575138774
-1.806513272961
-1.810392231033
-1.814209354765
-1.817962274625
-1.821648939307
-1.825267646544
-1.828817074825
-1.832296315463
-1.835704904313
-1.839042852245
-1.842310673341
-1.845509409647
-1.848640651252
-1.851706550494
-1.854709829122
-1.857653777383
-1.860542244163
-1.863379617573
-1.866170795619
-1.868921146913
-1.871636461723
-1.874322893974
-1.876986895228
-1.879635142036
-1.882274458416
-1.884911735444
-1.887553850033
-1.89020758493
-1.892879551789
-1.895576118919
-1.898303345056
-1.90106692016
-1.903872113972
-1.906723732672
-1.909626083668
-1.912582948177
-1.915597560982
-1.918672596497
-1.921810160194
-1.925011784436
-1.928278427842
-1.931610477454
-1.935007753149
-1.938469513896
-1.941994465636
-1.945580770731
-1.949226059095
-1.952927441267
-1.956681523876
-1.960484428028
-1.964331811249
-1.968218893613
-1.972140488606
-1.976091039109
-1.980064658712
-1.984055178333
-1.988056197936
-1.992061142937
-1.996063324712
-2.00005600435
-2.004032458526
-2.00798604603
-2.011910273225
-2.015798856473
-2.019645779559
-2.023445344209
-2.027192212152
-2.030881437575
-2.034508489445
-2.038069263717
-2.041560086052
-2.044977706197
-2.048319285653
-2.051582380651
-2.054764922713
-2.057865199249
-2.060881836554
-2.063813787356
-2.066660324606
-2.069421042648
-2.072095866177
-2.074685066736
-2.077189285819
-2.079609563072
-2.081947367635
-2.084204630327
-2.086383774254
-2.088487741385
-2.090520012769
-2.092484620284
-2.094386148044
-2.096229721903
-2.09802098585
-2.099766064467
-2.101471511142
-2.103144242217
-2.104791457834
-2.106420550799
-2.108039005378
-2.109654288467
-2.111273736083
-2.112904438506
-2.114553127668
-2.116226070458
-2.117928971484
-2.119666888592
-2.121444163916
-2.12326437279
-2.125130292171
-2.127043889664
-2.129006333537
-2.1310180235
-2.133078641347
-2.135187219898
-2.13734222803
-2.13954166893
-2.141783188154
-2.144064187669
-2.1463819418
-2.14873371103
-2.151116849769
-2.153528904606
-2.155967700067
-2.158431409532
-2.160918609658
-2.163428317373
-2.165960009204
-2.168513623382
-2.171089545671
-2.173688580369
-2.176311908186
-2.178961032878
-2.181637718637
-2.184343920144
-2.187081707241
-2.189853186065
-2.192660418517
-2.195505341883
-2.19838969045
-2.201314920906
-2.204282143281
-2.207292059115
-2.210344908406
-2.213440426795
-2.216577814238
-2.219755716222
-2.222972218274
-2.226224854215
-2.229510628159
-2.232826049881
-2.236167182695
-2.239529702612
-2.242908967127
-2.246300091702
-2.249698031728
-2.253097667557
-2.256493890092
-2.25988168435
-2.263256208483
-2.26661286588
-2.269947368233
-2.273255787827
-2.276534597731
-2.279780699081
-2.282991435094
-2.286164592031
-2.289298387743
-2.292391448946
-2.295442778726
-2.298451716112
-2.301417889762
-2.304341167962
-2.307221607217
-2.310059401707
-2.312854835815
-2.31560824169
-2.318319963501
-2.320990329544
-2.323619632885
-2.3262081207
-2.32875599199
-2.331263402961
-2.333730479053
-2.336157332389
-2.338544083339
-2.340890884849
-2.343197948233
-2.345465569173
-2.347694152749
-2.349884236432
-2.352036510076
-2.354151832071
-2.356231240965
-2.358275962041
-2.360287408504
-2.362267177178
-2.364217038885
-2.36613892391
-2.368034903247
-2.369907166429
-2.371757996864
-2.373589745528
-2.375404803825
-2.377205576277
-2.378994453699
-2.380773787391
-2.382545864946
-2.384312888163
-2.386076953568
-2.387840035927
-2.389603974993
-2.391370465574
-2.39314105077
-2.394917118039
-2.396699897554
-2.398490462177
-2.40028972831
-2.402098456901
-2.403917253957
-2.405746570091
-2.40758669882
-2.409437773588
-2.411299763673
-2.413172469352
-2.415055516795
-2.416948353276
-2.418850243348
-2.420760266612
-2.422677317752
-2.424600109447
-2.426527178742
-2.428456897374
-2.430387486447
-2.432317035638
-2.43424352695
-2.436164862685
-2.438078897055
-2.439983470551
-2.441876445949
-2.443755744801
-2.445619383183
-2.447465505645
-2.449292416383
-2.451098606861
-2.452882779222
-2.454643865001
-2.456381038776
-2.458093726608
-2.459781609332
-2.461444621108
-2.463082943934
-2.464696999086
-2.466287436571
-2.467855123648
-2.469401133326
-2.470926733483
-2.472433376969
-2.473922692809
-2.475396478343
-2.476856692005
-2.478305446326
-2.47974500067
-2.481177753224
-2.482606231742
-2.484033082596
-2.485461057741
-2.486892999325
-2.488331821807
-2.489780491629
-2.491242004682
-2.492719361937
-2.494215543733
-2.495733483256
-2.497276039714
-2.498845971682
-2.500445911015
-2.502078337658
-2.503745555597
-2.505449670099
-2.507192566321
-2.508975889306
-2.510801025363
-2.512669084838
-2.514580886359
-2.516536942732
-2.518537448684
-2.520582270704
-2.52267093916
-2.524802642857
-2.52697622618
-2.529190189015
-2.531442689755
-2.533731551847
-2.536054274561
-2.538408048804
-2.540789778901
-2.543196111144
-2.545623469641
-2.54806809956
-2.550526117312
-2.552993566703
-2.555466479556
-2.557940938909
-2.560413142571
-2.562879464657
-2.565336512708
-2.567781178097
-2.570210677726
-2.572622585425
-2.575014852031
-2.577385813727
-2.579734188891
-2.582059064303
-2.584359872051
-2.586636358949
-2.588888550516
-2.591116711746
-2.593321306856
-2.595502960086
-2.597662419356
-2.599800524234
-2.601918179282
-2.60401633344
-2.606095965683
-2.608158076881
-2.610203687513
-2.612233840716
-2.614249609982
-2.616252110715
-2.618242514713
-2.620222066501
-2.622192100331
-2.624154056542
-2.626109495959
-2.628060111004
-2.630007732276
-2.631954329591
-2.633902006681
-2.635852989164
-2.637809605695
-2.639774262612
-2.641749412659
-2.643737518626
-2.645741012951
-2.647762254523
-2.649803484064
-2.651866779595
-2.653954013462
-2.656066812339
-2.658206521368
-2.660374173288
-2.662570463018
-2.664795727802
-2.66704993273
-2.669332661269
-2.671643110393
-2.673980089944
-2.676342025948
-2.678726967706
-2.681132598524
-2.683556249999
-2.685994919777
-2.688445292781
-2.690903765864
-2.693366475898
-2.695829331265
-2.698288046684
-2.700738181323
-2.703175180066
-2.705594417896
-2.707991247303
-2.710361048708
-2.712699283882
-2.715001552291
-2.71726365019
-2.719481632094
-2.721651873996
-2.723771137413
-2.725836633067
-2.727846082718
-2.72979777753
-2.731690631176
-2.733524225911
-2.735298849839
-2.737015523727
-2.738676015847
-2.740282843602
-2.741839260988
-2.743349231328
-2.744817385147
-2.746248963426
-2.74764974684
-2.749025971926
-2.75038423542
-2.751731388388
-2.753074422104
-2.754420348018
-2.755776074504
-2.757148283362
-2.75854330923
-2.759967025167
-2.761424737557
-2.762921093256
-2.764460001556
-2.766044573012
-2.767677076612
-2.769358916185
-2.77109062633
-2.772871887644
-2.774701560492
-2.776577736139
-2.778497803623
-2.780458530348
-2.782456154056
-2.784486483574
-2.786545005576
-2.788626994615
-2.790727623772
-2.792842073477
-2.79496563641
-2.797093816631
-2.79922242142
-2.801347644527
-2.803466139674
-2.805575083365
-2.807672226126
-2.809755931449
-2.811825201793
-2.8138796911
-2.815919703403
-2.817946177322
-2.819960656447
-2.821965245949
-2.823962556042
-2.825955633208
-2.827947880311
-2.829942966959
-2.831944731687
-2.833957077832
-2.835983865239
-2.838028800284
-2.840095326892
-2.842186521397
-2.84430499412
-2.846452800398
-2.84863136359
-2.850841412218
-2.853082932934
-2.85535514048
-2.857656465203
-2.859984558168
-2.862336313373
-2.864707906193
-2.867094846851
-2.869492047468
-2.871893901054
-2.874294370638
-2.876687086612
-2.879065450195
-2.88142274085
-2.883752225372
-2.886047266381
-2.888301428069
-2.890508577243
-2.892662977996
-2.89475937863
-2.8967930898
-2.898760053079
-2.900656899407
-2.902480997057
-2.904230488884
-2.905904318763
-2.907502247208
-2.909024856279
-2.910473543941
-2.911850508079
-2.913158720311
-2.914401889779
-2.915584417062
-2.916711338485
-2.917788261331
-2.918821290756
-2.91981694957
-2.920782092359
-2.921723815614
-2.922649365657
-2.923566046066
-2.924481126192
-2.925401752098
-2.926334861009
-2.927287100035
-2.928264749747
-2.929273652981
-2.930319149171
-2.931406014489
-2.932538408084
-2.933719824838
-2.934953055152
-2.936240152514
-2.937582409784
-2.938980345355
-2.940433700458
-2.941941448935
-2.943501820664
-2.945112339534
-2.946769876424
-2.948470717042
-2.950210643825
-2.951985030396
-2.953788946407
-2.955617269969
-2.95746480436
-2.959326395371
-2.961197045449
-2.963072020886
-2.964946948597
-2.9668178995
-2.968681456212
-2.970534763451
-2.972375560322
-2.974202194316
-2.976013617491
-2.977809365819
-2.979589523131
-2.981354671436
-2.983105829683
-2.984844383308
-2.986572007087
-2.988290584029
-2.990002123118
-2.991708678762
-2.993412274772
-2.995114835524
-2.996818126729
-2.998523707826
-3.000232897502
-3.001946753254
-3.003666065195
-3.005391363689
-3.007122939735
-3.008860876557
-3.010605090412
-3.012355378384
-3.014111470822
-3.015873085976
-3.017639984531
-3.019412021848
-3.021189195956
-3.022971689656
-3.024759905359
-3.026554491614
-3.028356360485
-3.030166695147
-3.031986947264
-3.033818823844
-3.035664263468
-3.037525401985
-3.039404527973
-3.041304028618
-3.043226326981
-3.04517381209
-3.047148763722
-3.049153274157
-3.051189169468
-3.053257933078
-3.055360634311
-3.057497864526
-3.059669683228
-3.061875576232
-3.064114427593
-3.066384506597
-3.068683470606
-3.071008384047
-3.073355753259
-3.075721576396
-3.078101407025
-3.080490429627
-3.082883544823
-3.085275461878
-3.087660795817
-3.090034166369
-3.092390295893
-3.09472410352
-3.097030792948
-3.099305931625
-3.101545519538
-3.103746046296
-3.105904535742
-3.108018577859
-3.110086348199
-3.112106615513
-3.114078738621
-3.116002653859
-3.117878854669
-3.119708365044
-3.121492708524
-3.12323387434
-3.124934282031
-3.126596745479
-3.128224436918
-3.129820851005
-3.131389768728
-3.132935220642
-3.134461448747
-3.135972866311
-3.137474014977
-3.138969518659
-3.140464033992
-3.141962197387
-3.143468569082
-3.144987574876
-3.146523446514
-3.148080161935
-3.149661386768
-3.151270418521
-3.152910134999
-3.154582948345
-3.156290766069
-3.158034960211
-3.159816345655
-3.161635168377
-3.163491104182
-3.165383268244
-3.167310235399
-3.169270070806
-3.171260370091
-3.173278307647
-3.175320691302
-3.177384021292
-3.179464551331
-3.181558349648
-3.183661358135
-3.185769448061
-3.187878471287
-3.189984306263
-3.192082898612
-3.194170296407
-3.196242680721
-3.198296392293
-3.200327955425
-3.202334100353
-3.204311785257
-3.206258218937
-3.208170884807
-3.210047566516
-3.211886375054
-3.213685776851
-3.215444622052
-3.217162171918
-3.218838124144
-3.220472634883
-3.222066336255
-3.223620348242
-3.225136284009
-3.226616247855
-3.228062825222
-3.229479064421
-3.23086844996
-3.232234867632
-3.233582561737
-3.234916085065
-3.23624024248
-3.237560029113
-3.238880564349
-3.240207022832
-3.241544563765
-3.242898259718
-3.244273026061
-3.245673552079
-3.247104234689
-3.248569115663
-3.250071823207
-3.251615518729
-3.253202849622
-3.254835908898
-3.256516202481
-3.258244624913
-3.26002144413
-3.261846295809
-3.263718187593
-3.265635513314
-3.26759607718
-3.269597127737
-3.271635401333
-3.273707174638
-3.275808325662
-3.277934402508
-3.280080698911
-3.282242335388
-3.284414344564
-3.286591758981
-3.288769699409
-3.290943461405
-3.293108597716
-3.295260994075
-3.29739693607
-3.299513165077
-3.301606921745
-3.303675976071
-3.305718643671
-3.307733788361
-3.309720811529
-3.311679629092
-3.31361063705
-3.315514666843
-3.317392931879
-3.319246966758
-3.321078560876
-3.322889688184
-3.324682435001
-3.326458927788
-3.32822126277
-3.329971439223
-3.331711298079
-3.333442467319
-3.335166315445
-3.336883914017
-3.338596009972
-3.340303008138
-3.342004964012
-3.343701586643
-3.345392251168
-3.347076020371
-3.348751674416
-3.350417747814
-3.352072572537
-3.353714326143
-3.355341083709
-3.356950872243
-3.358541726175
-3.360111742438
-3.36165913355
-3.36318227716
-3.364679760523
-3.366150418573
-3.367593364462
-3.36900801171
-3.37039408743
-3.371751636316
-3.373081015349
-3.374382879376
-3.375658157952
-3.376908024083
-3.378133855764
-3.379337191449
-3.380519680798
-3.381683032201
-3.382828958757
-3.383959124423
-3.385075092129
-3.386178275541
-3.387269896022
-3.388350946011
-3.38942215974
-3.390483991735
-3.391536603222
-3.392579856175
-3.393613314502
-3.39463625176
-3.395647664698
-3.396646292022
-3.397630637846
-3.398598999428
-3.399549498886
-3.400480118646
-3.401388740407
-3.402273187292
-3.403131268742
-3.403960827499
-3.40475978777
-3.405526203428
-3.406258304921
-3.406954543399
-3.407613630525
-3.408234572488
-3.408816696837
-3.409359671026
-3.409863511855
-3.410328585366
-3.410755597215
-3.41114557393
-3.41149983591
-3.411819963334
-3.412107756419
-3.412365191673
-3.412594375857
-3.412797499398
-3.412976790887
-3.413134474172
-3.413272729343
-3.413393658708
-3.413499258634
-3.413591397911
-3.413671803055
-3.413742050705
-3.413803567005
-3.413857633548
-3.413905399231
-3.41394789708
-3.413986064946
-3.414020768784
-3.414052827163
-3.414083035589
-3.414112189266
-3.41414110302
-3.414170627271
-3.414201659169
-3.414235148317
-3.414272096776
-3.414313553444
-3.414360603183
-3.414414351413
-3.414475905133
-3.414546351456
-3.414626734786
-3.414718033655
-3.41482113803
-3.414936827733
-3.415065752398
-3.415208413345
-3.415365147708
-3.415536115225
-3.415721288136
-3.415920444699
-3.416133166783
-3.416358841965
-3.416596670399
-3.416845676598
-3.417104726076
-3.417372546657
-3.41764775403
-3.417928880963
-3.41821440933
-3.418502803847
-3.418792546196
-3.419082167998
-3.419370281083
-3.419655603586
-3.419936980618
-3.420213398606
-3.420483992757
-3.420748047503
-3.421004990159
-3.421254378339
-3.421495881983
-3.42172926105
-3.421954340156
-3.422170981552
-3.422379057918
-3.422578426441
-3.422768905534
-3.422950255321
-3.423122162796
-3.423284232222
-3.423435981089
-3.423576841698
-3.423706168162
-3.423823248413
-3.423927320573
-3.424017592886
-3.42409326633
-3.424153559014
-3.424197731532
-3.424225112534
-3.424235123921
-3.4242273051
-3.424201335862
-3.424157057396
-3.424094490963
-3.424013853638
-3.423915570429
-3.423800281983
-3.423668847056
-3.423522338932
-3.423362035098
-3.423189399703
-3.423006058626
-3.422813767446
-3.422614373103
-3.422409770562
-3.422201856267
-3.421992480488
-3.421783400828
-3.421576239161
-3.421372444076
-3.421173260567
-3.420979708258
-3.420792568925
-3.420612383496
-3.420439458221
-3.420273879212
-3.420115534197
-3.419964140063
-3.419819274562
-3.419680410517
-3.419546950918
-3.419418263454
-3.419293713305
-3.4191726933
-3.419054650863
-3.418939111446
-3.418825698391
-3.418714149346
-3.418604329471
-3.418496241728
-3.418390034537
-3.418286007116
-3.418184612791
-3.418086460588
-3.417992315391
-3.417903096816
-3.41781987683
-3.417743875878
-3.417676457065
-3.417619117777
-3.417573477997
-3.417541264617
-3.417524291135
-3.417524432348
-3.417543593836
-3.417583676332
-3.417646535295
-3.417733936293