Gauss_dist
40.9
38.97
36.4
41.26
40.39
40.94
40.43
36.27
36.45
39.94
40.96
38.89
39.24
38.65
41.42
38.07
38.07
41.38
40.13
42.36
39.1
38.5
41.53
40.6
39.37
40.77
41.85
41.85
38.33
37.92
42.73
38.55
43.47
40.41
40.14
38.15
40.11
41.76
36.05
36.43
40.9
41.09
40.41
38.92
37.71
38.95
37.11
40.69
42.74
41.08
38.07
38.83
40.75
42.24
36.34
39.98
41.47
40.1
39.48
43.66
40.85
38.22
34.66
41.79
36.67
36.21
39.48
37.98
43.27
41.57
39.85
40.73
39.21
41.31
41.65
39.43
37.37
42.9
43.47
39.05
38.99
41.76
38.51
42.53
41.35
40.78
40.64
37.61
38.96
40.68
38.71
42.13
41.65
38.47
39.05
41.78
40.07
36.74
39.16
40.12
38.9
40.59
42.82
40.25
38.04
40.78
42.29
39.82
40.71
41.48
40.2
40.26
39.5
40.45
36.83
36.52
36.76
38.16
41.85
39.09
37.56
40.52
40.81
39.86
43.18
40.96
39.4
39.47
39.53
43.63
38.48
35.55
39.52
39.62
38.08
41.02
39.07
40.91
41.02
41.54
42.16
38.75
41.11
40.79
40.59
44.87
39.56
40.99
34.35
37.43
39.17
41.49
41.76
40.74
43.06
39.6
36.81
38.03
37.2
41.44
40.31
41.02
42.13
40.69
36.91
41.56
39.12
35.87
43.05
39.26
35.87
39.34
40.21
38.14
42.81
39.12
41.25
39.82
39.47
40.38
39.57
35.31
40.41
40.81
42.92
41.99
41.36
41.56
40.41
37.01
40.32
42.38
38.48
37.91
44.44
43.81
41.21
40.63
39.06
33.91

--------------------

USB1
5.18
4.55
4.7
5.03
5.25
5.28
5.15
5.13
4.7
4.72
4.97
5.24
4.78
4.88
5.29
4.95
4.6
4.76
5.0
5.05
4.7
4.44
5.19
5.25
5.11
5.08
4.97
4.66
4.85
5.02
5.2
5.06
5.05
5.02
4.9
5.37
5.3
5.01
5.31
5.27
4.74
4.96
5.14
4.96
5.03
5.46
5.03
4.99
4.77
4.61

--------------------

USB2
4.71
5.22
5.28
5.0
5.28
4.43
5.39
5.48
5.26
4.81
5.24
5.11
5.66
5.09
5.82
5.74
5.14
5.24
5.06
5.53
5.36
5.11
4.96
5.63
5.88
5.49
5.91
4.89
5.33
5.33
5.04
4.85
5.66
5.44
5.35
5.48
5.42
5.59
5.78
5.7
5.11
5.15
4.96
5.52
5.01
5.08
4.72
5.26
5.12
5.57

--------------------

