4.516816128853376
5.093406079549055
4.488236022291022
4.164662982752701
3.977914168656257
3.9883577484366795
4.857730901926261
4.687716398009991
4.70365305644231
3.6381675577307826
3.790775057597229
4.092887018695889
3.63763284734845
3.78724502687492
3.9947605004089866
4.235742977731944
4.477318238825366
4.9977593044971105
4.009051749858294
4.629635912607357
4.036385411556282
4.530042134627127
3.7606474614284613
4.699524951675341
4.446676429894908
4.958343411669569
4.2099361172001855
4.587685338726572
4.427132633388871
4.24168094544204
3.943425105089602
3.8487254310322
3.8412123734803325
3.585994072724665
4.739586401536144
4.7045401393961095
4.062148554799279
4.803394099809254
3.3510794780083164
4.530420891329608
3.7494699162103178
3.955739977726339
3.8990691285073757
3.874983444421259
3.8422215928725425
4.572549909983816
4.334651339526222
3.8737067960055227
4.504193019411694
4.223319971476192
4.060804044871285
4.4241655740092165
4.204562232472218
3.3348848652200296
4.563922624709223
4.5695905602969065
4.5446525200207635
4.714625735388012
4.514365429251576
4.63093169989917
4.443345269918797
5.5682794467817
4.4526031167830835
4.5526223597739355
4.877151265621227
4.137409798808563
3.8656693625978504
4.568446074655781
3.930495979702233
4.116262631101839
3.929379751116565
4.0726129091876215
4.339068577034187
4.786421090361395
4.354615703106662
4.168169694514045
4.126321446570965
4.065833417862168
4.399239332006063
4.539609459234317
4.1325561028418285
4.460211309515284
3.7549785574067798
3.719600335627555
3.985249327951688
4.302327793964796
3.858397413644595
3.978596294295495
4.785955996494436
4.35663454143333
4.009648086884439
4.587880862048822
3.919828896131519
4.726125571253173
4.509669739672003
4.070972320648918
4.105799493872152
3.9609157422422947
4.39730364777184
3.984245486435179
4.234767050757613
4.6867552565471655
4.01098928110475
4.5625115519140085
4.460412719950697
3.5165144255992504
3.9646533219347226
3.6587644924705254
4.34309541697617
4.217067650398125
3.872948606097924
4.056430643278749
4.068849318909239
3.980473760064023
4.719606528286379
4.482654636094063
3.2618275220132777
4.115952650032436
4.162017767268167
4.666763420910576
3.8465861471500076
4.2986172211523614
3.1462753587003784
4.033076634983918
4.04546840952442
4.28613268664256
4.290970046654764
4.278130357337104
4.463418048017879
4.361224759619411
3.9941891218018157
4.336812028995643
4.2407875437959355
4.213084997445432
4.777118908379564
4.094404528178333
4.482246424006317
4.105256301412631
4.390215769283005
3.873828443184189
4.168380027633121
4.172062485393981
4.154428691619993
4.486260957421677
3.928764888893005
4.440315802574502
4.153202189014737
4.4625726851142415
4.803142755865771
4.3889347524420845
3.667788193202991
3.6929395337364177
4.712975569728529
5.008792196617994
4.070470987577354
3.788410499891337
4.301636143167396
3.0697844849723745
4.007390190628638
4.270597490778326
3.5616821425107377
3.936499094775257
4.114052135978049
4.363961051440243
3.4082887798870662
3.853211832438749
3.9669438379197066
3.9985179048028945
4.339526665339412
4.44159958362016
4.435708348868856
4.542025164721089
4.021446034697557
3.81426176949884
3.46580180933956
4.439367967270182
3.518219018358347
4.473055591976089
5.270466008934977
3.5045185926258204
3.9883439246687815
4.6625457689126835
4.059480925948268
3.4831064478406937
4.369860530075502
4.4072970627460135
4.399450028166908
3.9389443414087175
3.3896203835180474
3.3710712509430327
4.423618633118327
3.9668663431263935
4.096634459767331
4.423478139685137
4.501402630109356
4.0302222841641315
3.4182404744335315
4.145962567329728
4.118544721354415
3.7055758882593404
4.01202452534332
3.698427930749091
4.049592995036677
3.994460199131519
4.486651754564832
3.1625430315714116
4.0379361776486595
4.349472797037192
4.800588280336417
4.1190910477914535
3.5234403792010327
4.913085013185688
4.225695811279907
4.3390739273769805
4.515737940510388
4.3581912376709235
4.2818066757976725
4.189922077335902
3.5840717914372915
4.7483162041535625
4.746326255705142
3.588738872109836
4.521249958242618
4.566084186633551
4.215730543856289
4.486809522427062
3.9742597765206193
4.275300598864338
5.248911710653204
4.492286788953536
3.928799515910972
3.8758474602340853
3.6804400060978253
4.2099418592712965
4.189195905800114
4.94645032823734
3.6373205255589
3.998824771978585
4.1543566217509875
4.092364775851985
4.766436907739385
4.126864749932637
3.5195529927884808
4.946638483142523
3.9627826827468082
4.194895374781798
3.8769582061709373
4.688684056310317
4.55636068694101
3.6819713999216486
3.838461070276379
4.1770961008138725
4.7556430798989116
3.994338008121667
4.6784751646122436
4.218108332113389
4.255294210322207
4.591489279154505
4.510861296238378
3.906312774482717
4.425509407757024
4.16365017900833
4.004752894450985
4.0440164530892595
4.643328309000617
4.251006693843871
3.5560866774137727
3.8076167840329433
3.818280704943189
4.298027034954777
4.334978798918713
4.108421378277777
4.873003121564475
4.0072253038863845
3.9329153406657906
4.5911129176376
4.027005471903614
4.353807676138411
5.338210826489137
4.3195713585273925
4.030175060664042
4.192648291643996
4.308170854011647
3.8076920578832087
4.575339335450762
4.205378077587855
4.418877115314349
4.448775338793267
4.6224373809617845
4.156050123546765
4.047723666155099
4.391071902664415
4.60707063105607
4.605834156631614
4.128303991650095
4.632694944719506
4.14086168687636
3.979066623067929
4.150470118132013
4.061193273177845
3.4748433802396397
3.881858231808597
4.129181690024091
3.822022225297582
3.919821038445536
4.402546122030084
4.035896240654057
3.716262269606774
4.386643418474646
4.503255403096989
3.491835414813692
3.819079056092679
4.758896196578749
4.318389451590738
3.81384724534056
4.59593234506619
4.24745388045012
4.787712819963553
4.1272234068975475
3.780138451635921
4.849642511279736
4.620731745609196
3.724284515518999
3.88856365146623
4.355122010543364
3.8787989388709123
3.7804540359582504
3.502005161243991
4.53011114682353
4.194537834818039
4.037374239962467
4.137366470369285
4.703999037755804
4.139528425093469
4.5546417742605785
4.563834651249238
4.041733553385341
4.016518875834529
4.738019180758499
3.7104352513743715
3.9759163734176415
3.854881331239228
3.832440506954931
4.830865862467755
4.491599507911106
4.500509050662255
3.7991961931439446
4.383231077331354
3.471553262620257
3.711588056109062
4.354328524493896
3.778081706915461
3.625950163573434
5.106554415871338
4.141022035296353
4.599938419168303
4.236517973434045
4.177685349412452
4.085719894218255
4.713313668795671
4.6329939874076675
4.50755565071443
4.757494192879395
4.298797056256065
4.435733963719591
3.8452810817054432
3.998940648289443
4.209153006986372
3.8683133734900803
4.613498753664161
4.028661699318416
4.256794196608355
4.735838733361155
3.9469687321594793
4.318170768610566
4.113104446880018
4.219732790763213
4.213002552078822
3.674258809951758
3.9831855669665486
4.427013289481881
4.286290938231588
3.976739820218856
3.876603038904201
4.208468130980911
3.660416588658041
4.934636431807924
4.542226295504437
4.890402999819014
4.285964651663687
4.688787036129179
4.038258142573054
4.137325242548769
4.350727315021507
3.7854334194057766
3.8392584148111877
4.610122151243531
4.032878584948576
4.299899411479389
3.963302305008219
4.705843708404614
4.337729568971038
3.8411290397712046
3.984319605924053
3.902095073047835
4.252139772568987
3.8808910633050338
3.651741070658807
3.9368984467379136
3.7695193174391077
4.72340662183202
3.803218321966358
4.113238849773094
5.633366274639679
4.1769033081883045
4.366991163602691
4.027698356201748
4.119820628491186
4.345719976322935
4.032432260295867
3.984959918330533
4.24957432356777
4.054763758609802
4.90370932325274
4.426904509536752
5.255964236649618
4.147662585950212
3.667241931858638
4.787150813107948
4.51823012143295
4.417994145684851
3.8613615395291
4.382549213082744
4.607906814086714
4.89638884643781
4.051206316845909
4.700744751737777
3.800594467046605
4.059129213523768
4.2285321231313135
3.8371360193935313
4.655220767413571
4.014464942885989
3.995133586721542
3.4531752620406486
4.6638196226371464
4.528506887198286
4.362660179217494
3.9150915652021956
4.510789607272343
4.43696056192464
4.998377132350115
4.648387325336474
4.078525039391411
4.248348746099613
4.403320979376647
4.3425600327653715
3.9640355889221492
3.5598065925757068
4.239874842756611
4.699523291827499
3.9624634248828086
4.2851259622171485
4.184638410869961
3.8999853195879632
4.12299451935121
5.017006548485219
4.56879975594984
4.096902934199066
4.394219876727951
4.687283426409685
3.6632088737342245
4.121845577583148
3.918654934758483
3.933470646783577
4.2593644692508725
4.378023475508105
3.7313623792285893
4.518632402469816
4.51911246424661
3.999482128433308
3.6961166927237743
3.9770278662742578
4.670874854592301
4.312350504848241
4.6464465545385645
4.668296586332894
4.025653337022925
4.872874647973267
4.560970765426948
4.499796926225279
3.5541410432068283
3.535110986842847
4.04428340047671
4.236190279794423
4.350531767100447
4.063606638012234
4.221486247431557
4.998527660264527
4.389837824628495
4.3049794249887565
4.252826410702144
4.2471446389396865
4.471433904196558
4.250943235224357
3.9355581326705606
4.352944563650335
4.6301638589275065
4.304076691559953
4.1109602556134375
4.031128262823704
4.285635699303545
4.149109651233986
4.124176457522302
4.273415967147363
4.328523473215001
4.033464652191647
4.319738659550385
3.808571366155225
3.906683796558815
4.154302282631859
3.327521815280669
4.709222839852266
3.880431632052281
3.9157128989463637
3.469050497002599
4.258349305630972
3.9695312475826876
4.02497759766804
4.1857134846583675
3.8833499080337126
4.305157595988106
4.4993991694801725
4.791417796855627
4.396448037848909
3.832971812483965
4.030097849622354
3.896570364256311
4.143045744289366
4.503570061040464
3.289572886056873
4.050870233180757
3.943422695138433
4.43714620200013
4.454420797349327
4.390401325449937
3.9478133241930897
4.42373083857624
3.596825549851383
3.766283591598573
4.05697287558702
4.070637078540578
4.144709186908385
4.767485576160653
4.88119739973965
3.464996825827467
4.0078167999744325
4.227151366408642
5.290288124097141
3.905718450283995
3.793949591728916
4.635760068741034
4.380059565763576
3.568732075432447
4.305131352723775
3.8527152055018243
3.9807651977801144
4.407198733163181
4.681759713664097
4.8508947731528895
3.98295757246112
4.699244708948915
3.801470773660147
4.127696135399024
4.285970952089432
3.906281177179742
4.381428286805039
4.306465399201975
3.8230832786366595
4.158507422732058
4.330738912766124
3.59376693510367
4.074342135883153
4.192574274767074
4.551016728302238
4.625432622434628
3.6211111664923914
4.4171470649631805
4.329694928747731
3.7179479519020395
4.29240623841327
4.094756516415001
5.027950043171522
4.387262123917632
3.878598958933769
4.907119016700771
3.599261364606088
4.358379512242941
4.25901651334252
3.820003724254863
4.014989669695862
4.17967103250967
4.521239605301569
4.052989614573366
4.191980166005116
4.443397378051776
4.361795881472441
4.158018738641119
4.8275622611189455
4.102856335436927
3.3266765742599027
4.42471425977742
4.350875155616162
3.816466430223497
3.827325618394112
3.597814589949293
3.635004903054543
4.1567681311416385
4.011095856813259
4.51495479744002
4.656596620730729
4.202709740918048
4.020168450320212
4.519084840830096
4.570670639399194
4.328547339788806
5.220919862241237
4.308063169294386
3.4955338528062248
4.092469498414096
4.521836888249547
3.8002824006529954
4.196185518128003
4.450113030964128
3.9721748404184773
4.007016732288344
3.6917170243951536
4.459982712539812
4.214891010265606
4.71623356922509
4.3424882080064675
4.2161107241952145
4.544603456309652
3.8248751717188787
4.603057463957864
4.028705040589079
4.347012010651773
5.473192202271833
4.301976027633078
4.271293686260456
4.529213437160291
4.430345428231421
4.875399667706257
4.3151926988066105
3.337757533857095
4.612587703638333
4.113309887791874
4.367199816375494
4.537833384337274
4.34071009644674
4.9044608785499415
4.042371244229679
4.846508787229971
4.329660641077948
4.061882843192147
3.713670914766486
5.47199547415414
3.750365187491488
3.844842064539097
4.614134925650862
4.083652289674887
4.130801608586819
4.252476090285371
4.023476250310615
4.055226219855451
3.811875515595452
3.8409781900233178
3.973861838247662
4.332139640509695
4.168530466147349
4.069880263259459
3.570557301194012
4.085188069758088
3.6183953696876694
4.163480863268239
4.2453644714405
3.712086198295127
4.311936994794474
4.26452725440939
4.1532615932341885
3.928415009457137
4.7115847863086495
4.200842630466791
3.7026713608179014
3.8949547673415896
3.8243667646457826
4.566403866448164
4.961070215453755
3.7194145395769107
4.615815494227523
4.730498913140647
4.31545507721438
4.998155424264077
3.969351263542989
4.10446748505055
4.3649121894292495
3.659431256819947
3.8530688877466757
3.8553556995971863
3.6024629335310787
4.002919023831628
4.298708302681635
4.742642661335153
4.2558359326421815
4.471166826220955
3.9198351424217877
3.978337037671401
4.503800175390732
4.005619901856498
4.809015452929696
4.602903181602311
4.023471324184551
3.7764498922469034
4.889207948463881
4.312077749109537
3.9026265259181145
4.12597579967413
3.7998058082818145
3.8235084457314024
4.506056737519859
4.478888027133867
3.9419408656471395
3.922872187737023
4.503202348200015
3.9477186168323923
4.352950569961695
4.396048293116613
4.170276934511416
4.025273400765854
4.257616985117844
3.3719479275348108
4.843612363996228
4.51604231431895
3.49226921436839
4.2740921288857034
4.370894036103957
4.689605243705443
4.160712389846962
4.804669912990649
3.8418794717664886
4.547000347526046
4.515598826858551
4.083847863767645
4.2221880039353765
4.979755055657087
3.8186199287980145
4.627040696271228
4.333198707800908
4.212109046109555
4.4603131696859135
4.538036454527526
4.066570697305228
3.8637617573360674
4.1974302666343375
4.235515463665823
4.453798323955401
5.005198235496714
3.946711730570435
3.6930994660214753
3.6856656486175527
3.8744189445988866
4.542109325120335
4.730219710348347
4.26385859529665
4.272095082999585
4.058691955294146
3.3035639343216885
3.721689381708498
4.2505856416126875
4.502249369659427
3.6871971171472593
4.752806179811189
4.406365523290602
4.564243761986352
4.51297567888079
4.461843104312747
4.587358324517489
4.017928737759623
4.518059937497177
4.680151893023655
3.7206264418814063
4.121782833768448
4.971204579286125
3.784070797774253
4.512182008064363
3.9647298569041705
3.912354550099473
4.296943210221323
3.9973285820010234
4.849329789636944
3.5955571796416064
3.867704529632494
4.43243085748504
4.7636284978744685
4.733355649936609
3.6230470411236966
5.112750074630114
3.854561989359379
4.554637655634379
3.623683160020092
3.444921613313834
3.754057132104481
3.665183827512683
4.341250716146378
4.318568864667902
4.404544627365976
3.6134763918883417
3.7995654589119257
4.15272263216712
4.573088208122091
4.880149989948521
4.090718735618825
4.496329127254927
4.145883018705613
4.540082874272144
3.568419720506094
4.5056299672410836
4.550650898986806
4.751776394631054
3.77985320050014
4.174276370017638
4.080895406648143
4.353049682769054
4.619521754603592
4.424111798380443
4.07586646508899
4.812278702675357
4.359080783571622
3.8937654930147376
4.083168049763152
3.8043783776582747
4.529893998618122
4.83407178297309
4.532432906888819
3.5745723849796973
4.597181416979973
3.502049344356069
3.901876686315109
4.368138243288182
4.167859759389853
4.554423467606433
3.5477271798357006
4.653049544943645
3.8660910545028053
4.1102416263555215
4.3418261357240695
4.572811039034293
5.327906118130004
3.903939727069108
4.8783495622436845
4.142619962225367
3.731127592828487
4.773034573810893
4.126849253097945
4.225907291582734
4.078639959748316
3.463214599186609
4.5194198537543455
4.256259024482873
4.364130536548262
4.856104074669663
3.8765054431657426
4.516447070164645
4.093138642259634
3.959302516079142
3.8254031742400896
3.7255166472569794
4.638809543923287
3.932444745309368
5.626788037910653
4.914877596261663
3.9068723247355033
3.546632707331031
4.530547694493723
3.740764236184918
4.603021639974136
4.358451810188196
4.590752788831125
4.769841523388745
4.369271174849303
4.031280666080798
4.200821497661766
4.830393039024773
4.076456153543634
4.379405792509898
4.46377497273627
3.744974447419092
3.849005917253692
4.090706202056958
3.983551029154874
4.65619215617083
4.686877267540387
5.1041960846847
3.1091051317121123
4.292119920495879
4.229077524873715
4.723810600938516
3.5022086748820698
4.589309575028469
3.9945598500794595
5.149550179627724
4.688462959052483
4.099589886498275
4.318359829226595
3.9791705461150033
4.761456078053454
4.223923204820538
4.097827686941561
3.2946928720833153
3.902224972219663
4.6902155872406
4.510511978497895
5.170869536723245
3.915140181948643
3.594689950889029
4.115405680196651
4.093413778501828
4.20355573141574
4.418136972874303
3.3832446736319546
4.062370018323466
4.987300129338317
4.462087332896456
4.76393460702401
4.202644605853646
4.29861333155515
3.765625641888276
3.811329113285035
4.484881666420285
4.399978061412667
4.69902914678674
3.6899829571397285
4.165767513063512
4.149380413723425
3.987643083184942
4.0377630037313335
3.5968361676106735
4.7107446310095815
4.222209114085434
4.351943990896229
4.7552943526626015
4.213482074200277
4.444219095590296
4.355740476356171
4.378906886708151
4.277583938240044
4.148471547118435
3.9612895840768725
4.380954859208208
3.8653017681123267
4.751314853420718
3.8950147064599157
4.322350775017343
3.5035256516101088
4.721723997554842
4.242304545374444
4.266785544072629
4.148740252205441
4.783129064169465
4.149816559547369
3.6252171686054386
3.7014345213254787
3.5025344441041986
4.3348460363576296
4.350627400187745
4.758087059633236
3.9556244913020193
3.981368690550739
4.60756419686806
4.343602002976226
4.1556395694477715
4.374920804635646
4.005218631350527
3.451206290983366
4.43522287590116
3.6344652762944767
3.7661885739877548
4.238475760569741
3.967815357333423
4.365342711888549
4.144081599254819
3.7829838013535526
3.82058596365479
4.100645615452466
4.221865924769798
3.987893922953455
3.8048700832755875
3.7203381052065705
4.2841531922739735
3.88178219751119
4.415976543077712
3.769379151116251
4.10788912954548
4.76271392910993
4.072006723590876
4.536433258273387
4.085111801808812
3.974245294809552
3.9124829278997
4.031238441477989
4.196006090859105
4.001502329891734
4.497981939900009
3.948798498706994
3.4848562302616664
4.518076370668268
4.071587075368021
3.684400605318657
3.9203377536877673
4.918841669038819
4.1819289388611125
3.84063730959245
3.8405421710333663
4.399334317801858
3.731271350980438
3.7155763615661743
4.364946237807264
4.886659983470726
4.033470511994179
4.55620135181147
4.078111969494175
4.403297334371336
4.583924663661795
4.654433677467587
3.8421242907412134
4.626427140684788
4.781861674910805
4.125275177171403
5.081657791828927
3.935062300252884
3.768913677566956
4.206403054338918
3.719351117688635
4.144874153618125
4.260576540368179
3.8475534021374775
5.089398387718566
4.497548934024658
3.9587793324721026
4.179797787720173
4.772648042702005
4.206911271804527
4.192357950992837
4.136348810179249
3.648759801516508
4.464447117860922
4.32551755125992
4.912120536433574
3.2045371510634735
4.5401522229343385
3.4208599686346113
3.8963829924565028
3.936631239789942
4.2878284263860476
4.199388647613851
4.136809145497891
4.159028077831155
3.662778429367469
3.954919732480236
4.209555070513169
4.766564782125342
3.7764347167623082
4.588037072964785
3.6452658936660103
4.802035329370806
4.1756532270468565
3.9550849979709053
4.436290893569542
4.02559711432552
3.468148486523595
3.9197595688802735
3.899661256917964
4.102151515045548
4.094714497164656
5.026509389248594
4.43034429208718
3.8302763419057664
4.575839706435797
4.8200754807717345
4.482256544413378
4.872387083397531
4.142029040044774
3.432353015692406
4.20760556300958
3.772354875465504
4.6026059955433265
4.817477165679279
4.7952936441044685
4.451469248396358
4.2444724670857426
3.7789785293120017
4.539868534321737
3.7836952587646664
4.455623103359489
3.989073402672944
4.125933634269214
3.751650390483925
3.7937574112193033
4.221574095164043
4.156482055601682
4.058968714032603
4.608166140612305
3.7772013037767724
3.8685647470981257
4.083728989756518
4.331493669201274
5.0631212755501105
4.411239573798118
4.304791821694621
3.8311780159864073
4.297143849798341
4.126640323149211
4.288483138313582
3.9684362080454787
4.025973906064835
3.8981928496489373
4.415425320709105
4.256352845443306
3.7694167218960195
4.506094541611525
4.176771049718007
5.161100465079901
3.895046549379899
4.692269955192623
4.508609161335426
3.9643791542791322
4.135056637575231
4.37253338073681
4.750600130117821
3.4229271521463676
4.007697442072429
3.7377939560412976
3.489866781823084
4.561454534579693
4.251997474690415
4.777135785165356
4.47018314019898
3.2962819214272767
3.7503634103825405
4.040462723207516
3.8915631191242497
4.668984995506101
3.210998720423883
4.815681863952321
4.1785074007103296
4.622463353098484
3.586561186885234
4.101490867732547
3.920785882784764
4.265291895622675
3.784283884011487
3.8246739445507663
4.56239212970601
4.392203982646534
4.161775993590077
3.5627734172172345
4.046167534987156
4.285916304988257
4.546921476185707
4.49917124173384
4.340357300334364
3.932977431017269
4.297285733095002
4.148529260171053
3.7235613659693456
3.8363518700800854
4.458604316643731
4.085342440322066
4.1014890587028106
4.1235683184779255
4.012451636624657
4.055467820883756
4.207892087034041
4.782485040215382
4.184550999645211
4.225457779570076
5.032521254547479
4.046936246359149
4.533669776040336
4.145419799322612
4.927505284169563
4.766694470310282
4.565244937330173
4.301344460278532
4.1303222392289936
4.879005932939689
4.036107553392578
4.387834611814121
4.7913319722561525
3.5546065148104353
3.564922451874777
3.652021365616928
4.698953257243848
3.5597579451231462
4.216729467789407
3.8053716664774786
3.447760553537779
4.230661316745246
4.472285959656776
4.8936111014644155
4.394925879886001
3.8791135878668017
3.9828759522972037
3.865117213288343
3.818040807129194
4.126214209240473
3.9910690365729273
3.987102649079096
4.261100550230452
4.215656875260244
4.06628886527124
5.161369319511576
3.446892206683613
3.8358618394830954
4.2542758473972775
5.0197997938556576
4.865028491053643
4.2745202365330135
3.9881170688553755
4.629961406272209
4.364605494723454
5.1208942806122115
4.247379326756511
3.9488113862037695
4.047381077357486
4.617820867056262
4.424668336856316
3.8385980341045016
3.883665612140485
4.462850445457902
4.354202273259933
4.227931587365925
4.819467999949239
4.184861805536022
3.633180849585724
3.9712813074898254
4.042005930003633
4.1728596478502835
4.550166335307818
4.077186912167349
3.822017795502473
4.779244710223776
3.599702404947736
5.160728079656864
4.187863975807462
4.266427247504841
3.7591344489749194
3.756275439178884
3.801937629717424
4.962937947189102
3.773452728695063
3.788222907707727
4.020083804249538
3.4418186261479615
2.8589987599048348
3.9469703285599858
3.9688358026744806
4.051020538760708
4.638183750817637
5.056773582801074
4.55133119164771
4.5753008235896315
4.719494543392982
4.335922560968131
4.0339398337638075
3.106381774398058
4.453326963126624
4.153890719172878
4.014580399933337
4.027261482860457
4.488412940831641
4.039129238831823
4.8615771021665015
4.2899499121101705
4.589616820793142
3.8002660928436027
3.9550291396952
4.1130013853743135
4.443321560223041
4.128957916878209
4.294264019217723
4.14505206549075
3.8746992466809695
4.304688545840159
4.138778613674575
4.688773626745487
3.77251682841719
4.691206567360786
4.034497746939754
4.529988874987234
3.5347431541222747
3.858676953078293
3.8720707675498622
4.104143898541964
4.485289128159282
4.600186281296031
3.7209162588433697
3.920778487258026
4.455704654926786
4.534504913551567
4.667676428287193
3.8546297331344967
5.145950544398434
4.844253660870712
4.099551248601473
3.4484436545484622
4.485573922097299
4.1897654122336085
3.3175968296076905
4.864225287853049
3.667321972347478
4.564141109146887
5.032680631820207
3.6640593254840934
4.384915613965543
4.694513242416171
3.972616871491609
4.013467835061396
4.5218720198061675
3.9905726939121915
4.063151061755583
4.70346934116182
4.079943971267562
3.915218993053717
4.177712045135158
4.230700665566909
3.529994278910638
4.856871113579336
4.263816770074368
3.7177195531149136
5.116886042764521
4.1330726354996346
3.960880845533849
4.16309917918515
4.029621285591332
4.150437622792081
4.011546753798934
3.3955055569650776
3.572710952490821
3.9819654730420764
3.7928353059453004
4.020157291122621
5.151741351650232
3.80127873114454
4.249073313477037
4.281501408242082
4.662546765235659
4.168807346775983
3.2860893484317986
3.996537043948595
4.327301625183377
3.587812732707053
4.220181717557702
4.57850132893104
4.188990262410471
4.371488873002612
4.749990977366192
4.353479326743666
3.819166710158055
4.284615438318681
3.7023633515438616
3.977646877946124
4.227751070448959
3.5226807064786403
4.152359650853408
4.761625362573582
3.5498441162208163
4.988852335122241
4.287119741501509
4.447954101405931
4.173099634563366
3.9965371359434414
3.6209381881919036
3.79392863463185
4.170051149536213
4.711501214923391
4.074064628478347
4.222970789194115
4.221046117639606
3.892504909043166
4.321258824338547
4.238137947302072
4.2205683748036495
4.0247339961367645
3.8430404214434066
4.190375440914293
4.694414045998325
4.758219175955234
4.257388310911209
4.239486465037282
4.474380754302968
3.5484805973541507
3.8674520628084332
4.330657662448479
5.118214626280414
4.286642089092538
4.391936750776099
4.364981109615966
3.778390078322503
4.581291104446983
4.489127620015554
3.712610482597981
4.363823593221356
3.622152294890453
3.719645988996817
4.165562237290045
3.3959357099477243
3.7812440844973203
3.810193988260624
4.730549221865447
3.7608956762382286
3.911342498918724
4.275074247525144
4.162613221005257
3.5521310303324682
4.465616539665723
3.403234599781916
4.066582218438772
4.416945149553356
3.8687344460514326
3.600788688702465
3.885911719417996
4.260504292296795
4.267383861259357
3.560835431265502
4.781138121322628
4.203710987050392
3.674659054061667
4.084409012080667
4.492345149247658
4.399978340347239
4.618697726393196
4.6659096432340545
4.8254621900313595
4.242835474012427
4.340672093922712
4.056598513615046
3.514712901403612
4.747641076221805
4.330499322329351
3.8952032429409584
3.9087261937180484
4.007484652265841
4.039388896571807
4.7592187767105525
3.7822061715822395
3.827352758334826
3.7629762502180815
4.0156836676090055
3.3466661215910265
3.7727671754183696
3.843104276180175
4.220117042671757
3.9049911784648095
3.8722949828734445
4.646209430866087
4.316431286883293
3.848493512497422
4.247747149000566
4.303287070011476
3.690156841040624
3.9226539854583833
3.8816730323883406
4.040562715921551
3.9286237324275133
4.602610285926039
3.573536106061357
4.4547080930471346
4.682465737807794
4.4325483698345
4.071538526995455
4.58925582077464
3.915385898233611
4.765615701392516
4.118119644219434
4.222864512376899
4.7762559363896315
4.230844093278123
4.328920625712412
3.7710041690587213
4.492303265133349
4.597315724469395
4.1483181364028
4.324854117972199
3.588761394488413
3.704763889073157
4.006137161749219
4.341326172243284
3.523778334383128
4.379412319488434
4.133028063548669
4.2894259883432415
4.442861463059284
3.167037650906499
4.067967260978932
3.5613503399231874
4.185332702338058
4.179355266098898
4.618379468463333
4.232473004420016
4.218819650883843
3.515998637636622
4.259891078189946
4.411068763690639
4.014413071055971
4.067031850851687
3.813132930221159
3.738544466863935
4.369443819763886
4.405023335947476
4.1744588976237695
4.232996429019008
4.980396975975107
3.466407157193131
4.366703666136596
3.9572877132782174
4.633580175801679
4.044010362688048
3.6922992666894596
4.293191286207087
4.878096087897123
4.622160185044095
4.376962481239729
3.7173197152390234
4.442442461005146
3.8060930607160235
3.884569784627806
3.5731583545019583
3.7881329699862034
4.134426593583186
4.185977682104162
4.4785845133669895
4.533614967733549
4.355549701777453
3.8104277307305017
3.756758671428912
3.783197245018836
4.398276269759469
4.295057375524271
3.6875150251109683
3.4217364805532973
4.099788523036329
4.6907665999564845
4.172227517375504
4.249099190519158
4.089932297451623
4.264593321241166
4.53296597593722
4.698896503898436
4.2679739912461665
3.712832557852506
4.710755387999807
4.699927557623876
4.113352515701524
4.398495030835481
3.5550069844710865
3.954798041631975
4.2571715330694815
4.013701359873571
4.438696494456594
4.284191499816274
4.0690149298853
3.5650250150074636
4.373575809137499
4.187370710715448
4.415839722231318
4.551306437018874
4.514162323316808
4.113920262951481
4.29530358352577
4.106863079116715
4.732299557254639
4.246743176408823
4.030145251157728
4.246141201985401
4.1909439113896445
4.063268027667426
4.718268473897328
4.672756842227911
3.6588210172050815
3.5922765188223105
4.170014326194956
4.318506005843614
5.022112595155476
3.948940911125171
4.109903734818646
4.419079702590514
3.833935816309038
4.9004525106032695
4.252209022248238
3.8063053964131064
4.321846171271243
4.8134597903237495
3.7010474723484474
4.140431249100303
4.085122057342534
3.859327914842297
3.631586491891691
5.1074149281967784
3.841930471206137
3.9379726377238153
4.45140150214732
5.0798322646745335
4.317834808181818
3.883410568200291
4.629881352233183
3.9309645548646146
4.4887941254665495
4.3530121409151885
4.88887143452115
4.342263845560142
3.80546926561322
3.9680704976144425
3.8428430301414016
4.154432935491977
4.348385156924508
4.667797628327559
4.00311947207805
4.846424394882535
3.9194643905634643
3.729286903953188
4.1081143928036745
3.750168978336274
4.389507655669808
3.9582466582361198
3.800721584970803
4.413996265360369
4.383829229668872
3.768406650443302
4.469446517719958
4.059276215305654
4.4911206884768555
3.629336630869171
4.604086806400802
3.816225872448725
3.8917359710340635
4.770415558774965
4.185662165980714
3.3432155718094734
4.276633697242067
3.5249003329825817
4.28358375902456
4.095250593184218
4.1058529373065396
4.11182551165543
4.161729164741665
4.130275493574534
4.003149355941707
4.168246236627371
5.113622814676063
3.8027786069003735
4.4821876913327925
4.486666733464841
4.050533260061011
4.292153315156559
3.700580337332218
4.126409310199151
4.687878975106006
4.505689365339474
4.682164326922344
3.9498511136553964
4.401946568864194
4.343579109223885
4.284425772419647
3.9871647872762495
4.043014073970636
4.4515426379616665
4.214955901167559
4.145206301235125
4.228029112989965
3.375994524929322
4.195860245304537
3.8380605897774895
3.9075012041917887
4.083242750106352
4.065953503765745
4.4063166315282825
4.538846244643934
3.7173066559503525
3.6511114020046094
4.11508640895123
4.008162913561668
3.789100267019619
3.99670802479093
3.8898850920376953
4.3991894921488495
4.5805937208566725
4.852074923718586
4.5099866351012645
4.298825795109198
3.873271188481901
4.477469545722425
3.6407149833780386
3.5998131249452774
4.504843685357592
4.032161225242973
4.564348541427142
4.204167833986654
3.6876912680754974
4.361212693919943
3.9073600276303884
4.1690745300105085
5.215357233193988
4.064228230912571
3.7635729828360933
4.631906339921296
4.133639346214806
3.7443532229960668
3.7351890518252415
3.7457284922090377
4.359730357101951
3.8513326363014753
3.5313035532167665
3.99663136052958
3.876636887398411
4.1676784033648095
4.141767782500302
3.7439341588558053
4.27564991686251
3.623457374883233
4.46690598715694
3.311795448082934
4.231149443713438
3.972775592718203
4.108924225367452
3.7737790269456735
4.081170175008565
4.242534233998496
3.8024792922132318
4.255763317975055
4.121647267546322
4.364201168819188
4.231904780395026
4.484300835536041
4.616679903107434
4.174864609956562
4.091091581054079
3.8985422209695897
4.738192784685781
3.413430351561414
4.271129453637502
4.565020994428277
4.833710668746134
4.330480786984926
4.111964666141661
4.23365457860283
4.124057032028488
3.875625423780357
4.355385499644873
4.1316723595633205
3.8797748699562127
3.9725988771417273
3.9187956418978076
3.8646482374037987
3.7015779555796677
4.508708035930075
4.328638664292645
3.8340115371635655
3.8488624804871536
3.7187759190290333
4.7080202929813595
3.8530735427505336
3.781446085701085
3.7959609805063033
4.168945848201252
4.311344419679518
4.323264386865986
3.7413950224883314
3.5964100425840884
4.617006391678608
4.06518439378159
4.1232198574921055
4.205072015819354
3.1071532662109274
3.909617259397807
4.140132054093082
4.415170638793159
4.194860005251342
3.9420954362354577
5.100335843743869
4.304367187055247
4.38695565786421
4.173219821851683
4.083365294937587
4.059393266409508
4.345337298228682
4.32163702529777
4.1140411192450665
4.327926557448472
3.814810459501806
4.422326753350903
3.6196443216256355
3.4517014712420817
3.7859646895087624
3.7236828044390187
4.563248374975121
3.964235557617528
4.159564961938048
4.456735649519458
3.566928115069412
3.719052615174296
4.127876441733638
4.045458978556271
4.835964867606217
4.807098205662322
4.210886735164241
4.598893014748555
4.79612897403556
3.687783001441235
4.680231117894365
4.33385203385994
4.25610811772789
4.2266868120111525
4.103215154208889
3.8938853971746186
4.545341021376225
3.7119279493029604
4.1410103891064045
3.981226957312314
4.440020533811775
4.165832551795281
4.059626175783505
4.402769786292026
4.046151832575544
3.813169012896137
4.280160803718711
4.025039174939822
4.608381012220939
4.543347269009493
4.271270710673698
4.52513350772293
4.342270018465793
4.248949573662861
3.956406361869939
3.9124166468475
4.165162000650456
4.379780507048548
4.173566850578033
3.9116094397567793
3.7461891890359
3.9560266219556253
4.503623258358802
4.730854942381663
3.7454078305610823
3.722509853293396
4.512765779811198
4.344057821839012
3.7540725656909313
4.14570048460396
4.815739849714892
5.114629947791187
3.95679322809269
4.125004890792773
4.630152109477767
3.699421525689121
3.556809598843888
4.2841927410359295
3.7198526913857988
4.423065158932175
4.942905134263671
4.558432244299187
3.761431129514257
4.531862178156592
3.618650718262662
3.713563657419755
4.0128829524496705
3.8965896023824103
3.886629592821201
3.87764076621426
3.954629038291404
4.303749140291445
4.297420358319941
3.9178017570291233
4.713738823233798
4.616998832286939
3.4225687283638604
4.012035528045851
4.347492888622804
5.160014620013687
4.0546808289670455
4.2466949521845
4.281013222433748
4.350652495855356
4.714431249169314
3.9732306147388274
3.682232575128394
4.0593316813810585
4.537184492803986
4.174783211104002
4.129375552921833
3.91617075254995
4.471158215483629
3.7639467140397054
3.910366718870915
4.232697852187627
4.897401254089098
4.348645349389185
4.02451040861352
4.03887378847395
3.577369032869064
4.167274319108588
4.804198841246279
4.37773176146386
3.9546399246435255
4.268907656301631
3.1657431147027344
4.12271309917378
4.131175928034722
4.04256072542249
3.831747227985075
4.559346154994905
3.461451811713278
4.214996283389291
4.4165921562711965
4.605263036200052
4.345834086380236
4.0237373171743185
4.341302148554863
4.070310462535805
3.8799424145063774
4.400743208728028
3.8956707563895265
4.045037038266431
3.6327340985337027
4.197761511514909
4.403198970076193
4.331949089755419
4.588704348138894
4.232224802972437
4.218860617377239
3.549675509951381
4.500506493419651
4.76258397831168
4.704075560114934
4.242062980636249
3.6956558272032414
4.099326856261925
3.8782685238912054
3.9144508904799604
3.933520427530992
4.809549045967023
3.884382823473449
4.789009835140994
3.7810041413741104
3.5479787903721807
4.636160945370702
3.9927997616436324
4.673745222925898
4.475414154107125
3.6896380039841006
3.8546654989579707
4.751976652876277
3.476416938643387
4.19103431196803
4.272284473659416
3.2918178405443124
4.961355723025399
4.450496749389299
4.167523078922648
5.049908271100944
3.6117426245682194
4.19009923188542
3.4971461300516617
3.6157725616900924
3.3613320457444225
4.764696773259245
3.736817296724104
4.248947261112021
4.073414244090223
4.8426937689992675
5.111691683404407
4.658987858417008
3.75946816541644
4.293628037274479
4.306037534911291
3.711312327683779
3.708952767636815
4.573109715615455
4.060790693854943
4.070233617343839
3.677245570067863
4.34859449518852
4.840932333458815
3.6167326399686397
5.281577779134421
4.1991575230534535
4.542668415917996
4.0205576380326296
3.588940427186071
5.671670457370148
4.680635904403193
5.031366281840367
5.120711492002185
4.248637241188052
6.230103839421211
4.791113748979
5.412895275662057
3.4154688972995504
4.4690127522065195
4.387838520489362
5.086193692384422
4.955391707726927
5.228855048359241
4.948652831216994
4.620748213138389
4.108539001066209
4.655520246602439
4.7676951997162
3.843969621694452
4.605339164176457
4.525316916554906
5.0634347200210925
4.916296638222915
4.353278952134131
5.946098944207019
4.74076605838774
5.133825334299427
5.468707681255665
4.933484818833028
5.143121430050606
4.830729031002117
4.505036806315023
5.058022527620471
4.62516857942411
4.407152009694216
5.617742957592643
4.2200278456038465
4.355844873193724
4.045458330760915
4.829520836288368
4.974660628522946
4.824995050615367
4.632026274075994
4.431766054602257
5.1497475156166015
4.576347687279326
5.027645201898907
3.576047873500756
5.2253028298865205
5.495902635741059
5.241633789260039
4.9732474177078485
4.521239997522405
4.235303602069206
4.091653480129972
5.557339945026431
4.481604518013337
4.881728746692376
3.988870166353534
4.77358489767074
4.769616239791812
4.930509806798931
5.271561680657805
4.718393545416875
4.254193779897513
4.176685410154805
5.052326107267628
5.040100719904041
5.430513328793327
4.476320155538328
5.746922196776577
4.640931400534486
4.657307516979759
4.9942954337217005
4.7638853963992664
5.3835842065822685
5.334130058095827
5.393728826726926
5.187405918360319
4.9853543366645425
4.577920903715319
6.642413555485064
5.525136993316304
4.41870969341052
4.608445521045853
5.183050521391402
5.646049861360837
5.175644481661737
4.082207141659
5.040009281883215
4.664463901273737
5.062807828612369
5.329949862045759
4.607214005854525
3.6910766603179566
5.792073520882987
5.285934741358816
5.002465964637705
5.383833324514253
5.648423185168582
4.763408832644552
4.432264985634937
4.387197899199843
4.799855452561033
4.946108184600562
4.907416274185981
5.464079244480921
4.242991948783163
4.441924449801776
5.552519375863499
4.615510575484045
4.7851264082883045
5.467780754661438
5.103857191993476
4.6238927850786125
5.105560066089793
4.9013870563694955
4.408496630619851
4.832517082905635
4.49291968496517
5.291211323077209
4.411662159418086
4.5128392400046184
5.4067867271512435
4.941606497543186
4.304201940323664
5.235413451759463
4.516396422340554
4.5475836846534
5.226761808088822
3.989348360191308
5.295245691051003
4.978329810751216
4.3378842884002
5.145491166160543
4.095941702150414
3.960717578151728
5.186103478748592
5.1279116614717655
4.659370765493517
4.933473906911838
5.221644681039837
3.4263945217790277
4.585285968031019
4.956375999392584
5.133313738355
4.084356389046715
4.699728303575127
4.866879967741578
5.044951964897087
4.553039532984905
4.980372230329963
5.502905610663108
5.028822203579735
4.597138816234887
4.71813526502984
5.275559823840126
5.10444740001208
4.848078342232842
5.657101067747613
5.283622762558681
4.822090376868493
4.402073331970398
4.936542087404639
5.112439653919139
5.122037876478016
5.033342139802842
4.840389497953923
4.635640772418159
4.328412939720574
4.94027589825276
3.5923586924150035
4.393663176065799
4.569006106784243
4.979006303793149
4.352408508541691
4.553334468728103
4.752631156991616
3.897078707529234
4.6092386651386095
4.856616630057235
4.982386920513608
5.323804004076924
5.389493723076157
5.645897141010877
4.79222407246825
4.798062101948148
4.894755334875541
4.8178016152548
4.497258810156659
4.438697240958553
5.829054540373899
4.318831865287766
4.680164594698155
4.25346623700118
5.787809518377747
4.432351516547697
4.647226635271158
4.733147715240593
5.141725184679237
5.276961875375526
4.452463782522457
4.678924873046306
4.891060363400485
4.7849417892483785
4.263883059185032
3.993255142278455
6.095648222657321
4.416307716244792
5.81758438013034
4.134601121066014
5.393271586777233
5.028663695962919
5.268746509089542
4.661449479820655
5.105381765375599
4.451777941151279
5.071044898988453
5.024601183370043
5.1064395050817035
5.2568453286002095
4.891092029619336
4.305603736816455
4.201178866240086
4.99373566623012
4.862149180613239
4.725273205206977
4.0022918327704105
4.928730150279174
4.24012501797213
5.1895147595028535
5.053391152933908
5.639719233650097
5.748682028272346
4.332967750566202
5.1280106525742335
4.717007525027185
4.534101058152949
4.967342831009404
4.504664373429635
3.8263330161750213
5.385358613721602
4.060446249656027
5.539529958273085
4.789502659601124
4.843852801694559
5.197575252813841
5.667082138713093
3.6468962146509165
5.095600629857252
4.902138340442247
3.636755258623463
4.17114356987188
4.785206596464229
4.039974277627119
4.154994817532772
5.237325521201543
4.928077628431382
4.859538215398834
3.8890394057207742
5.250385389052266
5.3302676808879985
5.064406200052955
5.414790058027629
3.6782124091646606
5.254330783550727
4.519381034803582
4.784031386824942
4.717575354842788
4.741321831128655
6.120891238505264
4.537486829515003
4.726816207722908
5.509292866287166
4.462658856930477
6.024948411269343
4.672723040224122
4.492936885012515
4.046692021312385
4.151547180658451
5.041804623660716
4.546028449143424
4.571009355380326
4.4632563020150595
5.223820110765871
4.657475463920246
4.941782405568299
4.522183194151872
5.44044059359065
5.1714351290167695
4.548188567438814
4.26099155717327
4.876036614306322
4.864189427048285
4.955110050305493
5.365958686990366
5.442341001869344
4.529334582500754
4.386508865960664
4.299249516201165
5.1502640795848285
4.598125155569353
4.717400918336077
4.38643667219397
5.097677676382234
5.180700069994478
4.9450996323521865
4.509353769701524
4.4097343831363816
4.388079787208566
5.901366771751162
4.361524052668163
4.966844381155469
5.061698691326988
4.594407965071101
4.803369291383965
5.317426309131553
4.8759509725889805
5.204916681575634
4.897501044804883
4.699457664259193
5.393601671784951
4.680852524357271
4.6863699666898695
4.5053307743182
4.304854246027506
3.845448117106593
4.813466576320242
4.587948880397945
5.986531382686831
5.291121402439052
5.493897650391206
4.865055456413418
4.990581577754304
5.695998727931943
5.3737973614899355
4.286051221391656
4.8089970167787195
4.385208458418959
4.617661381449563
4.336493365342598
5.444411325730762
3.873289266562773
5.387586917964745
4.7953946145277015
5.873066956398337
4.047271105673879
4.825752451093843
3.978907935281744
5.627441543071676
4.947608590204469
4.447020531340645
4.489864553428976
4.87733474581274
5.474185863890568
4.732134649071543
5.34678770739135
4.326410521173979
4.891753180418664
4.398570855116913
5.986426409750379
4.4763107078282465
5.010825118731834
4.743172183561728
4.389404026363378
4.703787487107418
4.574983039351793
5.489196757023215
4.99649947582699
4.895157548580699
5.499891586799436
5.383142829603818
5.502248638239797
4.453005531438763
4.932360655467172
5.017620247862041
4.815218428022559
5.120870208990136
4.270881726891115
4.4569445492985125
4.463544360762593
5.138815024594357
4.7118858054533295
5.533026325081341
5.575757387648317
5.61239733604149
4.6316943506889885
5.2462090706095985
4.771394699830475
5.48662062994651
5.025656970113512
5.296690831692396
4.70708188241128
4.94546307712482
4.285643928555039
5.477903038009099
5.268664578297628
5.337811853475522
4.629035299357926
4.746441765122171
4.699503340656388
5.467027243320297
4.912342856394152
4.642529730777014
5.046338235853568
4.704928348594684
4.804569074311808
5.138724233948444
4.023289279655541
5.22986239565458
4.935028540414649
4.767557362034166
4.6818810460746265
4.762389078799271
5.0695695658446915
4.811467379510679
4.894029983052766
4.318683133861471
4.229974167309163
5.25925830656353
5.220419862033994
4.9858400051191
5.225918914501303
3.6391700680345753
4.121648038898583
3.5942305788089994
4.231401496727535
4.702210030425132
5.176869250075515
4.124947234681148
4.307808346098626
4.973364815474906
4.43851118210788
5.170464869932228
5.204533822393239
4.686961424422108
5.114116480082595
4.396177265565312
4.651197425888642
4.353942713200974
5.444777855011155
3.894674876111742
4.646191941545144
4.28996919954133
4.577975696374915
5.2503124769675535
5.21299958670805
4.231261351282963
4.3036738274618465
5.414858589608813
5.419479562028915
4.792978048047701
4.463474297263836
4.529110579372161
3.6123287879986665
5.412032337587956
5.802109318267567
5.382539823288862
4.838299953043253
4.655474329326529
4.8529292887582125
4.075622040272943
4.350874794318167
4.1850030131765115
4.7779484118475795
4.760222572746022
4.704486739803107
4.598686033565701
5.449714158238035
4.492554378961423
4.469348648814658
6.070178986246711
5.808063920171537
3.6751762192708295
4.4102147373088725
4.123450970543727
4.618193936566982
4.558700539675396
4.996816248889779
4.630513034230277
4.776204176030003
4.745469861714131
5.436823505313611
4.344907548170627
5.011666239774887
4.805075146258293
4.806339834814481
4.395784740956236
3.9693346932428293
5.192079913900016
4.685619018636139
5.154142645239238
4.581175439943357
3.9029097977878977
4.356061855931349
5.443940599489266
5.129152367954831
4.727901416535167
4.78371675406238
5.5100928785080665