3.3546807003557113
3.604634136800807
3.5464314931676464
3.233418833363987
3.588897092950116
3.7231527930287194
2.9921720334021917
3.6706937112830063
3.674490798142736
3.8264004015075916
3.748164344041247
4.129320592847303
3.822467612916775
3.56070322245516
4.077808312613292
3.741604958211807
3.5705080762298853
3.4983403682929506
3.1932755747377213
3.8812152708980463
3.6092557941015624
3.573336511357369
3.6166144478380433
3.5953055280210275
3.3252060287283385
3.7101527391824805
3.394988103130104
3.2682036924864346
3.3564660192607887
3.5138534272123128
3.4665181154863447
3.9174930309938727
3.932802729961485
3.388824620582107
3.9768050071934242
3.600837283490341
3.6187889362809487
3.780136583892892
3.469634096033175
3.7162464342525965
4.118243606160281
3.1858349827638865
3.2891314049830966
4.049117335867187
3.6747701120857
3.2659091288722704
3.252333622962547
3.801995489244931
3.287252289561525
3.9547264816639576
3.2504203584216733
3.561971774391644
3.7309479149810056
3.628572018638809
3.5906508707439593
3.8073171653823468
3.826750228273483
3.348654180511817
3.565302353588176
3.4671565704210106
3.4919260077239533
3.529473378586364
3.6712582349119676
4.224411208059068
3.5585882404299896
3.7086195335524614
3.4238682741360598
3.308498999340601
3.3112865598905366
2.5786682224630058
3.4148210215457455
3.137840914630371
3.458361957131881
3.6847167393210998
3.753319212956324
3.8448426133675744
4.149622699269836
3.9975525718259806
3.6453221217650253
3.4965444322799435
3.968618656888219
3.517224601224971
3.8341402208014257
3.2856024011438008
3.7863833634279147
3.681686351736087
3.1220817516340844
3.0551337018593223
3.31250209793006
3.5500418759832755
3.894802214375336
3.736544982031657
3.852730497837073
3.647852982629982
3.68274869264813
3.968864030614275
3.1530350042065454
3.474931605980038
3.9674720114982764
3.6387608435450414
3.5378206443609503
3.8676760067916534
3.186773756173426
2.9265543060248644
3.4617137852537034
3.333760705935306
3.56274306485454
3.222667695203563
3.4599676535981794
3.923304682816847
3.916957080475738
3.7964335144784624
3.5417565410335135
3.4128415802680516
3.2738237442996705
3.490411815580489
4.076979171598357
3.6144441579729447
4.212930150497915
3.6360446463723286
4.13457357377082
3.4298148205002317
3.613723216958112
3.7276285335634225
3.4826978201470995
3.356680460335377
4.131828486044398
3.635898410659577
3.1653219092820217
3.8127674743226594
3.7519006281639
3.3519416057132814
3.1072111510542104
3.5841283467702567
3.4429476731258473
3.5360573095852152
3.553885761841739
3.60349790862101
3.444130610044232
3.8808347327105386
3.631519196106065
3.9367049679597086
3.5948055648705695
3.9035427924784845
2.9510430746888066
3.8688894938825507
3.518315883808102
3.686930990952672
4.0721288115834
3.829447778428212
3.7508539102453415
3.8349175514143887
4.104415751160802
4.005656214154492
3.3346563843856214
3.8071816377860808
3.050900548786946
3.5664477923652202
3.4671757734416553
3.222256960328004
3.864516840446353
3.4780343713216735
4.422612170279912
3.2593689333131546
3.5802116496449448
3.4069355717892504
3.486849328272212
3.281123482985184
3.3928078372293737
3.39019606876873
3.7761100217616166
3.379624804913297
4.173745056853573
2.730656579548095
3.8063386830769583
3.284949228915274
3.2494351924390465
3.5457201436590564
3.699286072473632
3.326608675110614
3.2727201567980013
3.431910285890975
3.3638948552055097
3.997771687533499
4.149867330487906
3.501188213246086
3.8989654481465377
4.024565211159801
3.672598199429235
3.8300338524956614
3.6722900181346243
3.707180579101913
3.156134132355066
3.5767457932709545
3.331242478357305
3.7123289823624672
3.8066919405136694
3.298724349716274
3.2218125710670487
3.725976093125455
3.7033033972265215
3.568014719259196
3.3488956564310373
4.012440711288105
3.2764290466823045
3.66391247155517
3.935031519365312
3.532245274187579
4.09088569117378
3.492249670697592
4.330675663759618
3.5959425673558254
3.760236490616524
3.7149821100228775
2.9430456921564536
3.5289326571089488
4.243835490304423
3.544642562726397
3.9953787544112322
3.4908506665212315
3.4007111794749374
3.033562061240582
3.384593149673844
3.263857449960921
3.7546534064597505
3.5174881508449705
4.023099430351753
4.208949841047991
3.168589720846426
3.522302436640251
3.674466411896474
3.056191383436201
3.6802138563525433
3.0069311954436766
3.4882964955608817
3.9444081221737326
3.1085189593462745
3.5321963767727826
2.993718894875732
3.79230347054185
2.9087510258498117
3.403705035214605
3.2707086626169484
4.0595056175533415
3.7527719175095613
2.820114699623321
3.615846661911663
3.899151043441232
3.1822396410943616
4.037255551923244
3.650054092339128
3.9435366003793346
3.454875087875328
3.719857466954306
3.499750863295009
3.4578682210725247
3.592479010947323
3.955611245307171
4.0082214325871215
3.6854915832537283
3.535922068311338
3.1537459856078427
3.8165180348757626
3.516947681248185
3.5546525514098293
3.2085679290685376
3.821584828193116
3.6554769475399653
3.5463464921085635
3.620131661586445
3.29304289041895
3.6565164307060525
3.40774408137911
4.119900588801454
3.738931105447011
3.857176442163865
3.8625509366870103
3.812735915817839
3.4855545350788524
3.4471880783169517
3.7316467257436354
3.7907480842950614
3.6880843230723754
4.151223399742786
3.4018165799008773
3.370803857812104
3.512245969278416
3.519081484250317
3.353285661471925
3.6236667820431467
3.92848914602295
3.5401745318217843
3.557035201125345
3.9701278468633148
3.772710187663734
3.54183513745317
3.416629296168455
3.289794736405492
4.008825830036243
3.592245828539364
4.172338286719995
4.154355081790997
3.5919381586090604
4.106350107082539
3.891998616824208
3.8401695428466787
3.717962236999515
3.456092717949838
3.758376865840214
3.7295911695129256
3.4201864818108163
4.090517068509963
3.7894635846968585
3.613344793778659
3.120625108096286
3.7963153047746
4.1675762359357496
3.2360604662415344
3.8522634176309976
3.1963142268340055
3.457551597252472
2.9564678118291012
3.5211129869554707
3.567628485328832
3.4682508463573325
3.405315089814932
3.566071820618611
3.059339772052829
3.947260028838081
4.061666131580006
3.5225600284877117
3.1687390731067184
3.653986583844424
2.8864258021107374
3.4600274060464487
3.7772161416188395
3.609211521319235
3.8286836870965972
3.992667572511273
3.4934440857162845
3.793265950244408
3.7561032410848143
3.756602321801228
3.365386406747133
3.4743608364882217
3.247982944719919
3.1976619068234293
4.380726045494101
3.8263476176533895
3.6661576013062724
3.7782339405825103
3.676308219094443
3.7235673094521733
3.686540906585087
4.060914566460945
3.5817956988485355
3.542612559855948
3.626551637114844
3.815042234500994
3.7301367555887137
3.853384484405973
3.3515967360063317
3.102851415345132
3.6687634925228525
3.7017813627450824
3.6359788510170414
3.73043580933938
4.032354322399799
3.567329382704288
3.0365264238077008
3.6441107958746843
4.067121471721573
3.304337307930943
3.838009215429096
3.8398286960377725
3.549662942850611
3.484124846624569
3.6470125223231196
3.737018317948997
3.7591966407509534
3.4718253920906346
3.563806297594922
3.495748455520243
3.4940315806013014
3.6280058388724354
3.6641803525528958
3.471488503806087
3.433708514645856
3.4972802693632494
4.153614616612067
3.620615708883519
3.8505299081593556
3.5559285701326644
3.325210200551399
3.647926656661556
3.8551133729768168
3.732993709261446
3.903066242714626
3.605222807472024
3.3877211124067914
4.049996213022986
3.352381480277795
3.795279019392418
3.2357407339386244
3.463988846749056
3.9080054258136183
3.5319483273856394
4.139295099885956
3.6725218859815616
3.1467263757241932
3.4632230620871605
3.393657814708385
4.280410919788286
3.5986199103909167
4.121321659024143
3.364289933760724
3.798359051528567
3.816721666346998
3.7357688233790625
3.7796759884190636
4.156731942772543
3.2283080931912926
3.7742523795708762
3.268871028006592
3.034020906530282
3.7010306323620625
3.5100749022915316
3.503995412659961
3.7752543060919206
3.159726155105478
3.4236276362572884
3.2615605603360005
3.747276429034712
3.1128954771112864
4.008625523810801
3.7244822524656156
3.5738790544410257
3.3943706714489794
3.8713965996762076
3.5240744739207472
3.2767247117779004
3.513402803789223
4.051810628006298
3.644765473948424
3.558333865603116
3.183330461625104
3.6164982068891796
3.4154164578338913
3.4048970660684685
3.7638227481414406
3.6587417869358707
3.5610899350514176
3.6743384396326233
3.544476102426992
3.4947654253046374
3.3877293862226474
4.1137203101705815
3.3123343089291706
3.6036019168510394
3.494405491359641
3.7299205193933926
3.5769879133133444
3.5128482030714303
3.902933506154634
3.8598821532271788
3.853371623451606
4.018663398653399
3.5358512775590394
3.6601446154814137
3.4122314525456154
3.693616653850682
3.519524160124636
3.9712366020321883
3.5247055131611615
3.689630044670122
3.413119279372412
3.647048291730112
3.618427321754107
3.985178209188734
4.146170083426233
3.9278517628086447
3.3926838669776327
3.3919299944122416
3.415668093256662
3.7825515164845975
3.596259400583645
3.670877265687704
3.528725855929965
3.6196458149028468
4.00454962481226
3.0461451807330726
3.4703978346684363
3.4270989668309078
3.6831326440567334
3.5165991521547415
3.919924107510923
3.3555369508064814
3.4576729224502456
3.3664493150276473
3.401082324324542
3.4939916819420302
3.9224607531846933
3.8571304130264936
3.7589871079879953
4.523153773892435
3.8322620768148754
3.318624355102758
2.892723133859025
3.8143689387112336
3.6676618773473484
3.6731767722726625
3.7132019486278103
3.51262285701514
3.6146191445444464
3.3902701725480275
3.1309389287679124
3.1121286789216054
3.1684770602024392
3.499007408988434
4.094208490892201
3.460373987029827
3.1045544291757325
3.8386704477160367
3.8625626000170286
3.7266258541515658
3.393308417240387
3.809407474713137
3.7151445190975427
3.883009665654197
3.2305533075735093
3.3018301304368056
3.6899640297977063
3.785476537797391
3.4180812500164075
3.5471451579732807
3.5058921556434206
3.4888236592663824
3.450005673124153
4.1749726218960586
3.8997186482462998
3.400927055096106
3.3920595220710297
3.8911896293872834
3.8818694175421107
3.8767528471722983
3.72084322746196
3.554364069436286
3.543661738640857
3.5797737134210803
3.1896235611677453
3.486920350069708
3.831195884178042
3.8785229359125473
3.5913556432434626
3.5788818455943203
3.719688901221958
3.0525470729284687
3.017123571931852
3.4571302116887073
3.12438288523389
3.492492913336414
3.374675540473066
3.4685020638749777
3.794780662433848
3.6320200536671714
4.154251078337973
3.858246939590463
3.9118777801136226
2.785273997861065
3.7741874302649334
4.071094195589461
3.254865287565253
4.194285538829826
3.186862698146818
3.496591810161158
3.7913799422519694
3.864430948995984
4.227168549950805
3.269235704134868
3.497691137601046
3.1058186345633203
3.72333724582729
3.9490338583242597
3.9038365906875296
3.264428362430959
4.017714357148708
3.6410462641665022
3.6265888221213873
3.597945521117659
4.028274093723109
4.125891842894056
3.709947744606356
4.282063934807909
3.822110607341436
3.6068933204903826
3.060498408106414
3.1637789892109938
3.7649487715875063
3.3667137026038527
3.263021859639784
3.7113603550877783
3.9515985509873275
3.526306173332379
3.115497988637315
3.6596597120916496
3.446519970565773
3.5232183773621255
3.7329144036223605
3.4294361558431667
3.6983335677337905
3.343595612067557
3.572054730278456
3.633559986400783
3.112161412578097
3.7101604993941066
3.255653061210632
3.915828779815272
4.267069327521272
3.595733430731937
3.4919427299175974
4.4062222048907564
3.46454835009072
3.9870883932163195
3.72567014057106
2.9155366303344783
3.9746771393720226
3.6342679817808734
4.046046034699328
3.436848318593766
4.028568165705094
4.434497984064917
3.8538642221642045
3.549463677669157
4.035218176749418
4.034258371917607
3.492779193464502
3.6417123516292964
3.2372977175838145
3.5595494942411636
3.2441413566681736
3.1845868612810007
3.88187895381645
3.8874507727581027
4.063676430083022
3.4615415146175845
3.302390996996571
3.380224766471176
3.8097302854763284
3.8621848579088853
3.0813955859235107
4.011507975781449
3.417439952980945
3.774472176579277
3.0303349352273052
3.841829781110648
3.735192116520854
3.4377577870878424
3.3496483588885977
3.7343796260207838
3.5836291426643987
3.535738109815062
4.191712374941861
3.827230132044056
3.4773938994740723
3.160268963267873
3.923756771541814
3.648684549566152
4.153380883994981
3.6284809124056525
3.751449178622196
3.8365287294267767
3.6644313152722754
3.564836265251976
3.4773961409789242
3.622501100330264
3.2270319804063887
3.6428139748116393
3.432941185782145
3.552471341024495
3.325769210916416
3.778501561386054
3.6283768051538963
3.1714719960445987
3.037391744625531
3.6155297649821385
3.175733384096949
3.8641515731017213
2.798398406281173
3.155935802145217
3.540367654907353
3.1675570221376477
4.155883339939881
3.787184220841473
3.7817909564208696
3.758597182442006
3.4122603327534278
2.897043883258185
3.663461944658338
4.438020818233072
3.5811211275317527
3.685096577197917
3.820660424997898
3.5225052693425942
3.8673044677336623
3.3481828458298497
3.691538956684687
3.5954358752011513
4.174302645107183
3.2905854331544466
3.2276016139889556
3.429271443734844
3.4782914644297636
3.84041824613814
4.094958341588881
3.9817881872265377
4.057911744376237
3.1235893464101494
4.326853292345563
3.382376774379744
3.890344214297577
3.1784529659364957
3.5961941129653083
3.5701474917808227
3.4850694701730043
3.5207496824016653
4.273698945629811
3.6062338986683407
3.473303131635974
3.53518696093057
3.6260553943834304
3.984651485564835
3.1733080503910136
3.6686056081695027
3.5735033246204058
3.121625609692532
3.3556771603374633
3.649552421950785
3.2874313711033145
3.308076363363248
3.667994570028653
3.433950999612966
3.528978902881763
3.5030166124310345
3.3885487069170526
3.6336005761896426
3.8082122039084423
3.372228722783492
3.2710766872270236
3.728640700656854
3.464343846130674
3.4822834728213117
3.573091469793288
3.7171293280192295
4.343152832178762
3.2817913090309347
3.9301373370033192
3.9410039512719797
3.4234130090742054
3.626733266207456
3.6914211323859676
3.6042561920730294
3.1144749955506157
3.3461863990922156
3.510484206972391
3.4048950876419664
3.779130462225973
3.5006998136092236
4.234544784099871
3.3280421668348508
3.7976968225331453
3.4852351903301684
3.542412495161072
4.136569662356638
3.5167986603743264
3.94611211852002
3.583874919040273
3.672660086177087
3.5549469664905424
3.7078637762094733
3.1297565431263363
3.6233854673349963
3.651584190996594
3.940487134205835
3.6201228893616553
4.095984136334864
3.861272473283164
3.5443583288387503
3.6624241487032387
3.949093731790015
3.4952272659451173
3.7786660987904646
3.90780549063426
3.7105209290588257
3.8336630076703133
3.7180955400149682
3.3461712633272693
3.118396474718685
3.883094194445006
3.6667450259146754
3.40914324276724
3.4498413953075744
3.768138840004452
4.150410704436087
3.315847395462933
3.9778722240208713
2.907316532196748
3.399339712094287
4.07944884403097
3.3576972314763203
3.783223121396239
3.9179441918521913
3.469281530097357
3.177001804832288
3.7571648056604636
3.5818385933876216
3.504115691671569
3.4406847700889975
3.1753708175165425
3.497014151573106
3.0645977721580886
3.4348497063507866
3.7583038125862895
3.111607457676423
3.7454110903330253
3.6475111290062054
3.682425233892417
3.404705252994457
3.5015201143715444
3.9951187141186186
3.9823733932734533
3.689946541659615
3.634592694639455
3.6292984683753904
3.8673429152462298
3.5212451912052862
3.4587709076548316
3.408719724724531
3.3200977361187296
3.865041706728826
3.2532804341239654
3.352131712524184
3.799041466170113
3.62450298716295
3.483240218207125
3.464784227187321
3.617509292030857
3.3303795350939147
3.4833309129373866
3.3369429312133554
3.4399912796302172
4.056473673952772
3.7239045327754727
3.7429488720901585
3.5046640227120838
3.8520284128593345
3.2385551879452685
3.426120028708899
3.7489083120425097
3.7436022458834257
3.4789888777283275
3.576911366309533
3.5669065765198877
3.0118469285937985
3.8913874606017282
3.527930742191144
3.4481939086301443
3.1876963111514334
3.784704784174538
3.431303799336437
3.665176564983545
3.8702117971652283
3.3077927038438637
2.779979978280243
3.5335804529447064
3.288691243142768
3.817068138729815
3.1506673872343423
3.8068584314061127
3.7278165303254123
3.627383956936554
2.6511886628875745
3.6206386462090014
3.8019379504267437
3.6755706166354547
3.6575348701788437
3.533929954101496
3.934496569816186
3.6750963902051477
3.572634498554531
3.4043174177268902
3.624866158134238
3.0949563478358444
3.6234626804187404
3.409555904711497
4.543801842763187
3.415157629072477
3.635438328276885
3.7839916085498024
3.472627928775916
3.7774793391113555
3.4176278858942046
3.111299559878254
4.225792873543263
3.906804567667421
3.7808963473340698
3.6665217831147086
4.249355334339978
3.944144948922236
3.771659744356105
3.9600736397284373
3.062191854146519
3.7095893654144096
3.7745677589272764
3.5540527119254963
3.527341068899059
3.622869535331851
3.696321064438996
3.4341689995095575
3.377478026256868
3.3044769289001246
3.856818807153604
3.437973199060824
3.8923107070268594
3.5320373050861664
3.599696956230275
3.9024647971403255
2.87688401998117
3.904231316833592
3.4769044282119927
3.3895803123603674
3.656269149238996
4.032624880332111
3.6856788011210493
3.781827933018259
3.7438205270039395
3.9889747484065605
3.43922901795654
3.6442336760367606
3.961291404926631
4.032200220650522
3.610339951557608
3.616038758500097
3.847627903677491
3.215979835465626
3.5837780630064353
3.627359102603617
3.221195935652159
3.311233621086484
3.347901928853315
3.056202172106444
3.738609970879221
2.8144458756115656
3.481254746656536
3.9046546727154134
3.158985486756136
3.545078887439966
3.763179434442866
3.5565873752998556
3.371717784362051
2.9431045361266452
3.929422311437084
3.730345936235045
3.9812804732311853
4.361092532462159
3.8438190963918775
3.4598336137267
3.878015189721813
3.674735620948121
3.995322900150857
3.07749823037807
3.642995132876078
3.6474051566119483
3.5824433633350377
3.653322286053337
3.580454212116122
3.22791154748094
3.665808120278201
3.889991727154392
3.4990522966874553
3.6176550749000995
4.141325807882499
3.0988572282017106
3.369704715070243
4.103759021517096
3.258982228930288
3.5249466536454563
3.4168396089525985
3.2918525148023954
3.8805811402454866
3.385619575344986
3.9212402813601495
3.831571525928307
4.093582283104004
3.563408520188033
3.4978254726813556
3.67636164889099
3.6680690613245654
3.325977202619012
3.491182359649403
3.421129705386464
3.8096901122085454
3.286675206522075
3.85025113593384
3.43715352089159
3.8984128477723488
4.149998985044564
3.668185638264123
3.331877472189521
3.5030436911024165
4.1001365323577295
3.972079005991886
3.9778851098716266
3.5217243411611188
3.7802759634684873
3.5150256527627204
3.478842843246638
3.4213196951737497
3.306995192622176
4.168901646149623
3.6767057793973095
3.729195313124227
3.6942787064194933
3.327984064760015
3.4224644471760834
3.527977209389993
3.607566791597409
3.8800874856493612
3.337385512886719
3.501433787352034
3.3510426190994114
3.4354679773949965
3.9269541715985166
3.3951152461101013
3.3702625210894293
3.152049978353829
3.3802544136429695
3.4147723007604407
3.341209286826355
3.8165855719312263
3.8630354426231293
3.972162110898601
3.4831538473416996
3.169406759184269
3.8678576751289437
3.281035570350379
3.7908894744915895
3.387133528147125
2.645738485370598
3.3930236177173647
3.6588493007536185
3.1618982701575216
3.6357788930316794
3.0063188340555067
3.4840639633689108
3.8529026468926393
3.7507587767895405
3.915452761731909
3.2729284160486847
3.2891073675461775
3.807980592773635
4.053361809654252
4.060635321818836
3.5487876260545685
3.281022017695094
3.6463349124677866
3.3291624740080525
3.612246786255656
3.4598071238279124
4.030383914066711
3.2920040544895706
3.3916493780574157
3.83694120493103
3.705903654239218
3.7707983032147623
3.6692006415488496
3.138343206379727
3.9173777181437934
3.6197358931572565
3.594830385630001
3.5816977075127516
3.4200697678175116
4.1633293417175885
3.8445205903096604
3.706929102913218
3.344644874955962
4.082306108290072
3.168487567553027
2.8517856776438864
3.3403366020014316
4.150978626191991
3.6265847558169404
3.700119598557272
3.4676190880169693
3.2668752426830743
3.6371198553091917
3.6967568392770174
3.8841369608793173
3.718882896740054
3.6590457331813
3.5414160877437264
3.915623257769547
3.312365719538883
3.3837262927387513
3.2111044957795105
3.2853514851133996
3.6671016406083043
3.8188963456434664
3.454971074002159
3.407702251713542
3.609514569008372
3.701771076472775
4.223599989147903
3.612982432960809
3.3144575902049698
3.3202418581242483
3.8693857702484573
3.3488909387621177
2.8698973381692476
2.7216213220713215
3.810712518943058
3.8441754669459285
3.9618936979272976
4.253332823528786
3.7579258893965903
4.041420494169738
4.258726495986102
4.012115426777119
3.5195875036596758
3.1156843286017044
3.1223200241378946
3.3387465336966757
3.936340530981174
3.7127586283702985
4.00318674047654
4.678314501730012
3.374325764576774
3.4618486160679365
3.9075068598183584
3.733671344058482
3.594051102182269
3.6593329398995618
3.7184225489346256
3.111918559794294
3.324046599243928
3.671671071204358
3.0397777435089113
4.175977939880783
3.8980699112481383
3.7918398575505576
3.81145055830317
3.7716532393993036
4.09374813046844
3.6393350939788687
3.299821510495571
3.5958603448538433
4.090498751934165
3.8004791046134274
3.1548900066685457
3.82660113308373
3.8346994664325265
3.6128638879598016
3.15856920318788
3.6609488048959236
3.7666797853453198
3.702260360345082
3.912587278830763
3.412388349242415
2.511709959484534
3.7806981713388788
3.116787793687915
3.5747896977300817
3.519492086478054
3.771785932741803
3.9318283100691094
3.756458355042323
3.5499511049217762
4.03264438756524
3.6395665309057885
3.645510996430398
4.09415412076845
3.5828480998274053
3.754179419235906
4.1927234310291785
3.539988053395184
3.1004523299921254
4.309365890337559
3.5620376748395204
3.0841389298433595
3.8411499878275865
3.3758537778657356
3.4386474648013206
3.873704054107884
3.5233760139329244
3.6842773556970103
3.9305180079518354
3.2080644829587057
3.4053772994557874
3.5168959167239167
3.9306680183369194
4.183625821731961
3.704286879361613
3.423176665502424
3.6875723321570346
3.41160464906288
3.562481263409427
3.2491120959146538
3.4344733606686026
3.8019958461584005
3.715540106384702
3.1626377522364986
3.868870830092229
3.4000272975740238
3.6602940343173604
3.5611621267933997
3.60200343973791
3.091039073937543
3.564528386158741
3.448075312377438
2.867469763426013
3.8307240990454696
3.603264788868163
3.698344774415132
3.188150453810824
3.5213511303030667
3.7614704568948127
3.5402486101958357
3.526027412728489
3.6170348796942338
3.021756817585469
3.7368964655377765
3.4082542546471704
3.0715576636087043
3.160317314941631
3.485043784494801
3.452082727809476
3.1913562868600716
3.206699069427667
3.433650942317503
3.4173191194160273
3.589866402700597
3.2975881831620084
4.2952921454526285
3.784326124552619
3.5363199018694202
3.4493286229939133
3.412049817193972
3.474347764704151
4.499244558865973
3.0297925706471793
3.906134905827189
3.50775771626008
3.5972410514267525
3.2720936561528284
3.374710895307612
3.5388246056400243
3.4030893819926944
3.3876376703509434
3.218002778133752
3.9392877483611635
3.8369459362584992
3.8338771400828775
3.809343975546173
3.653078305859333
4.038922215322335
3.835494306576544
3.954935074669576
3.5003964910123133
3.2794644751478135
3.317568976244722
3.6697546680215622
3.993628251402876
4.125119652735525
4.088203167343294
3.7079189073067487
4.142028099546803
3.2224309505878317
3.161494976041497
3.3647093030714896
3.282830596626679
3.6293332118513173
4.244463926013107
3.963692632994332
3.1928623419918543
3.791672542886607
4.055639641413081
3.4244158717837245
3.608126752203429
3.9787758135976343
3.8026293777151396
3.7491614229380494
3.3962540279005284
3.7187530427545235
3.724903773752439
3.44772243748345
3.9020464590890307
3.8481653293161164
3.503314840780037
3.306519786818289
3.34873407500471
3.7928464292400332
2.9283118237264096
4.062713754130642
3.295551755827285
3.401838473152025
3.5764953133238153
3.8461049556175966
3.837925177412235
3.6476032726456658
3.604503038038483
3.744071385713725
3.953280046272061
3.8191192709116
3.5287293521232304
3.882959994955081
3.2884877714228633
3.988265152035245
3.951780639488428
3.311969500948335
3.350615647472205
3.3051177327848116
3.7439259247780665
3.9214074230587874
3.3057740288533983
3.7144844373069175
3.535784845560388
3.6634345433453497
4.31593809321008
3.5918948754150497
3.3069757119623713
3.4203478380885537
3.0346600564668105
3.4691977735368535
3.5205717151606137
3.639485292730285
3.5503852763190746
3.7419191605765594
3.343041781804807
3.311726534511088
3.6552882051308386
3.6683700109385446
3.7200031902631197
3.7216875938048632
3.7461483007159537
3.3376957443126862
2.999451017004949
3.3949739240276604
3.8015779670500365
4.361024977258622
3.620520030862722
3.338051170450344
3.746981433538356
3.6123343711123117
3.583599557407951
3.7227441763585585
3.932454903160167
3.1431972948267295
3.5537771925974093
3.444125988880636
3.458726829647111
3.5691887271664275
3.0043593295317947
3.7197592768597345
3.7176719130243603
4.252314496412913
3.358290638962402
3.358252145799492
2.933970698375482
3.660613723254373
3.666598326384923
2.997105335963536
3.4343927539340524
3.358137655543648
3.264024310384344
2.6534524304208533
3.322459646937593
3.649855491156329
3.86228175643305
3.477700062172101
3.7169902372089982
3.6763105603691284
3.5201242452048453
3.497168011366215
3.5637281975990933
3.0393261891948358
3.4075711667988804
3.4453763304295193
3.21233372990456
3.7286350885111847
3.6712361260905393
3.407685351297964
3.274479592474571
3.7929389245337495
3.5599135150217376
4.030676817567099
3.5875165328847607
3.432932184520849
3.73742663513546
4.079785203401849
3.791107595384651
3.871332833042856
4.126057048449902
3.734174214658139
3.5384494638243082
4.00832111891108
3.565556175656517
3.7564776244423945
3.5302919419363805
3.814082517272527
3.6130651167613936
3.725625478050243
3.4427529127213696
3.4876310938709247
4.181089977179388
3.5783761723770726
3.7584182800769455
3.478291774665304
3.5464826367093334
4.010923660824929
3.8669347908973233
3.7247577517243573
3.84469142413727
3.5966188230004668
3.5021306657674365
3.708023778248001
3.4248276799551363
3.316125554316758
3.804382769096683
3.738527134098393
3.5553172782420135
3.43488481217891
3.197622167513209
3.734630157102612
3.575429722429348
3.3999376285238343
3.805499912841741
3.827531274855599
3.5379835562803095
3.232636154297461
3.7158420128385754
4.278275729209476
3.5098986928149976
2.946192088938255
3.2066830077632074
3.5496742084553623
4.083976470504992
3.975651721775164
3.6562881498023763
4.189721094330751
3.61061437491226
3.4521581392700997
3.5373422354592696
3.186496841518276
3.167162542364111
3.422868684530419
3.8295416716092507
4.073121743911619
2.8558613914499476
3.201499170633694
3.660906246826144
3.642874785037221
3.3619259401604467
4.122084502857435
3.107173271793679
3.925809135312581
3.2411000997229076
3.485324100349203
3.7784443790617654
3.503868583918722
3.1519096322546747
3.978212882329823
3.1144504382289497
3.4966543777895365
3.286995735424619
3.1756702243362387
3.3913204017537586
3.789099830730506
3.322918549360673
3.7708642739869878
3.9165269392237336
3.700070740757373
3.5682978743181164
3.1637532133108577
3.5746763139422786
3.782128831215253
3.194651770096936
3.593497403212932
3.3091757603427068
3.862809918391269
4.1479167841992295
3.5993101948573734
3.6519965145360724
3.228643441744173
3.7544486127923946
3.599655666118798
3.6501369347976067
3.72207941958386
3.751898563762266
2.9123909945597704
4.022216837438113
2.9632531772237134
3.5416941606869443
4.2083842894124235
3.5775702918493524
3.28122988911724
3.9854920527585533
3.361013556298296
3.419334468800076
4.0951925331314
3.657362599376975
3.788950271582641
3.5642852775926985
3.3290481830442284
3.5608589271463096
3.9102288327045684
3.818240021403914
4.028973575099209
3.3200037616030316
3.4930957575153823
4.148655795511156
3.3158906831224915
3.7549552405378934
3.9516613363892783
3.043932731895431
3.870936807331813
3.931000714174502
3.384744010206415
3.408623938542152
4.016115083986346
3.4845485495664454
3.608613452980792
3.2953690280384897
3.4941664862776642
3.6281226731482477
3.5828395684027208
3.428803083245654
4.0243016504661195
3.4638438903405926
3.4679416485413315
3.804318083305504
3.606916954468109
4.033994798779988
3.4888795815938245
3.4943382392655713
3.5733981610872934
3.812833488135884
4.0995687829757586
3.399528908849917
3.9995579305662172
3.6848706694652287
3.3524645703500116
4.078870123694398
3.7942585428960567
3.017841497526798
3.9775076406255234
4.207505016978054
3.2655341790143027
3.5973257651977675
3.838581210352145
3.734947517656499
3.4801947453417155
3.3159308842818924
4.403144746291926
4.0868396293021805
3.6529661964776463
3.1964002443399133
3.3055748930809052
4.177853217492559
3.5214299593231315
3.6926362531733594
4.228757048203974
3.4342294394076855
4.0054969141009575
3.096566493703323
3.513518597151761
3.3301730599163473
3.4363084627264335
3.3886507449952985
3.4693973629272947
3.502386263452949
3.513008342574919
3.6165793418091483
4.027150873504833
4.37169699941243
3.7928543218017663
3.155512436545465
3.4055539861813124
3.0917925089024374
3.651499002743715
3.5160802239674465
4.076431145335237
3.3230635006717177
3.881324109741585
3.5677098110940157
3.8586754490879036
3.2430569793591237
3.7218906317757328
3.235987160607611
3.6676820466116347
3.957076189996768
4.185055612931272
3.8979097897696806
3.1666049611059837
3.958776846333928
3.9921330735061
3.5587052528405754
3.21065489241097
3.5438072678077956
4.1313801783350685
4.1875069819084265
3.6539814522140617
3.867007388758057
3.6802244973128344
3.66961551326418
3.026675557379574
3.7666655433662504
3.3582688358524084
3.835600861823001
3.4027515486735735
3.4903508485940007
3.3246074936158756
3.305112132538229
3.498281623462975
3.5816475489539625
3.7783370479334724
3.625781147593421
3.4831929106685777
3.5691829463511993
3.6488011029802707
4.0559251525696745
3.6983184649636884
3.3344793544604228
3.2414293683506616
3.546676597942282
3.8815507966391776
3.5270695553004408
3.9514563570425945
3.268604869195527
3.2736075887439178
3.573023150486803
3.7308837862306534
3.702503607449678
3.7746439108438534
3.5372118489969036
3.8527810971193124
3.6600787498473006
4.11468386861092
3.9906356469745847
3.62233922325525
3.384466003590762
3.4680471886375126
4.319648333847682
3.6425145673955632
3.8569650335683257
3.493602549281494
3.2585351225985137
3.358867542777809
3.101334882546463
3.6400508392626074
3.5233613904121546
3.914593673080246
3.736171150365488
3.2781292803776654
3.6375836902617995
3.347857578334867
3.990826082071022
3.5549172546565884
3.022622084545832
3.442194191168573
3.9215221139249388
3.4832909562491414
3.4661958720052373
3.6143314266065754
3.663918890050526
3.280157262670025
3.2821676461118825
3.4126198481674916
3.6234652924927713
3.5984715635431876
3.902363197690731
3.1536094178294993
3.055939081062983
3.2489348895264705
4.050858219784957
3.4247218065513225
3.6132192717566385
3.6712947994309983
4.195626290068558
4.187888376598588
3.570487733112785
3.868005335616332
3.7667387327058957
3.776463068511713
3.6215634176698455
4.346810776882359
3.3312734738380625
3.913707888417641
3.444031621331896
2.9966402424363006
3.307306480239847
3.8557221313248276
3.405864507968926
3.5021407230501413
3.4011985728689287
3.159066586704804
3.3394778632301394
4.1087999336236525
3.5202180602222573
3.4554793457367645
4.280962955093043
3.238388071370244
3.489438911697247
3.8510669260373334
3.1647065012898596
3.5160274674463645
3.1469555603683146
3.3720574016755687
3.496815047159687
3.7538686317238117
4.192714519279657
3.1855027813610395
3.83415155121005
3.2481815338289985
2.971646789246249
3.348396940722976
3.652268740436958
3.2326619042033036
3.7471127761654923
3.7711210193011726
3.857857932077323
3.344086504554185
3.107808754882275
3.3251214721127798
3.8483759646691684
3.7377308790728883
3.448491701153263
3.3458792098693335
4.079766986329152
3.3828100510627905
2.784442762240034
3.4465824801781424
3.437094358924521
3.5193310254291195
3.426122776932697
3.412560694425008
3.359387171522819
3.868125400371275
3.1337754733631287
3.245388031499315
3.790741356112227
3.6332487434240406
3.406938292866444
3.709257748073277
4.002471473226825
3.5367618579177718
3.5764482833030646
2.988618447084049
3.625199491848938
3.1676730111197493
3.1575735337350244
3.8686264291585077
4.043686601013308
3.698330516187149
3.870707432913964
2.8856656574295108
3.3395419185950925
3.2708718944025135
2.769460882385299
3.4046077831119748
3.5034844720259946
3.462790587780169
3.6302873982578987
3.1906932911822077
3.9207108702568965
3.7033795336346143
3.643368772344051
3.901556567189505
3.43128314924494
2.9529371375328606
3.6945023029219386
4.174975364228217
3.836931183801541
3.6792995582867034
3.569317386765242
3.3298663990262467
3.5571051363585906
3.6419322294987677
3.580320743071308
4.0708241588904395
3.9302757997312336
3.700896510950841
3.9269574883176523
3.2220547039103185
4.100833485490023
3.559438104773228
3.3376842363228185
3.6861989530838635
3.175370940620421
3.4888318653521475
3.7288097785607306
3.117401921628873
3.4153913438451298
4.005418411464407
3.5093009936803212
3.7306922418247215
3.694412889660732
3.6363792068833947
3.441899388631234
3.403923864007446
3.101928369414186
3.8873760433144966
3.991823288649457
3.451425037158435
3.263543775539303
3.470725556422938
3.2668563635609567
3.9751095038603865
4.025041891030246
3.399936656061114
3.4709726609867637
3.6894586962292477
3.777106621755212
3.4284014248367356
3.9301588418537574
3.623275802999066
3.3843007903804807
3.84672777878254
3.991890358650093
3.710126303956256
2.9572351709703257
3.6822387526882823
3.2390643564194876
3.781700107948335
3.484741157361747
3.349116382675222
3.8446624636747995
3.4112322766011194
3.4898341916364792
3.4172712126257823
3.883389947327422
3.292186262117309
3.8299966518597337
3.713255030613966
4.014907745956545
3.205409081997446
3.918956901954605
3.3694010592638017
4.066603658625962
3.374946992477809
3.577797253336852
3.411494566513595
3.39737827982658
4.016456277166675
3.069298616909636
3.6691514606162285
3.7771688339278873
4.0801671756062445
3.5905787396989357
3.5127582065290195
3.5797442387707243
3.8121737676777108
3.889680351028723
3.781280994701771
3.2050908477599824
3.6126995339287253
4.098576257720232
3.8088313325801892
3.892619792023771
3.6050431005145347
3.9270032382502094
3.1765600666767257
3.841137426865427
3.628870678669896
3.523780549803525
3.5167966859361557
3.7110744205611605
3.593054426330244
3.546815329131972
3.507151203413699
3.6498141968178066
3.8182169810476094
3.8424511848306864
3.8038081581589065
3.4338660338166407
3.978681644333271
3.730430281623042
3.923363729069215
3.9229439158651473
3.695148806324695
3.955320023250384
3.5725951671030916
3.9576027111932683
3.7726256358527515
3.69928972022554
3.7804424144428665
3.2335449366385705
3.6563338850856533
3.651349049715616
3.8934491918171914
3.625655261654118
3.6157108732873366
3.5066400916757856
3.753900611882974
4.2228026796000115
3.27777722882237
3.766553503167531
4.151013485031994
3.1617783972240745
3.6423661697629934
3.4029411563759777
3.4383838909985904
4.009937907215031
3.722854664673255
3.581939641736292
3.5778406112185857
3.795484619586783
3.2307263965163946
4.033850407869028
3.680336214374563
3.583923429997026
3.679821471946006
3.6628715197806754
3.46109709716689
3.5261152759244876
3.722560684240939
4.0050978159967086
3.846225520513732
3.716192051213137
3.640357425277082
3.095909140941281
3.388117021489731
3.8799913589844057
3.460403601282441
3.7853162279927632
4.083074003096187
3.3958231622087753
3.065686784847842
3.810573434456185
3.4807716108507067
3.133816970096166
3.485184633859909
3.827630668371905
3.590451899326544
3.5826779829298996
3.6846234406723077
3.6542209302885884
3.492401616352689
2.7375225237515064
3.498145254012285
3.0940128058862055
3.596130431954067
3.6401288525688162
4.371068412890898
3.3730342234710706
3.9284954114011676
3.8923063317717395
3.58142544442973
3.686665096600894
3.5311920787666407
3.6110674607941027
3.406493449447911
3.251999915100033
3.292261591904317
3.306214972006677
3.1970436577087162
3.5908351753739627
3.6139317171949568
3.943192996280856
3.838229137204226
4.040602462014844
3.540104763191307
3.568272975543679
3.26384209913513
3.2825106611324704
3.161121836516468
3.6376123562398237
3.7446702302001853
4.073823122576954
3.789370583073012
3.1381498630397977
3.8343659948685125
3.522945665482886
3.585461697723246
4.155113614199333
3.4799356379014923
3.804625068667696
3.9916326759939893
3.6366072666051124
4.027729828106693
4.113858852791676
3.836661742309516
3.7184699179605807
3.4737474920651663
3.190916977145972
4.074648194228988
3.9547285818648295
3.8893583294190437
3.9518997408105885
3.0423594672693843
3.473367447690488
3.708863127107723
3.85074518176747
3.259702128273661
3.5776719569861015
3.20366947935255
3.7435272054685083
2.9951929926201157
4.148031057003043
3.513192104998437
3.2078141720375593
3.997414334769166
4.337293003767503
3.921500233467391
3.356089432164411
3.6849122260089087
3.5854431868867804
3.43707743672222
3.8422117978218795
3.33545975392494
3.268753232690799
3.5785001953240263
3.5091806841047277
3.7831456589444383
4.212301116064435
3.6308248289151734
3.356718318542649
4.14143847629561
3.338852638016455
3.761126812201735
3.399458782250977
3.8382798717877735
3.9609826918062856
3.579434776077877
3.11700039686007
3.5918593975043693
3.510471654218998
3.8676407907773513
3.0627187548568084
3.4260047189732084
3.080047541519066
3.6568001545917808
4.122942604425491
3.6795034331915986
3.76747844137604
3.098322394914174
3.3670625640352942
4.032466155039881
3.6271182693729878
3.6855055923683144
3.9814163812486427
3.8727752202785606
3.6684571030236692
3.350791382863572
3.696065694708676
3.691092052795737
3.1346761567401944
3.9398128468166247
3.883931812365169
3.9705268485892002
3.6113136485685566
4.113160302918392
3.3830519856108316
3.7674203217303783
3.502070126707758
3.4437684227187932
3.4703988058369624
3.7309238146220607
3.4025390414172683
3.817433410898907
3.4016070175318878
3.3038645531441015
3.2088239149391895
3.294982821729021
3.4778095127434634
3.476175482147113
3.6131318285749128
3.0134705316818726
3.143276027882048
4.069147158170009
3.7265743303582064
3.734650934610392
3.7110494011579958
3.6906865826136377
3.124924410750882
4.023944823749874
2.940985187797545
4.478126585618705
3.2419023508038105
3.481226474097366
3.511327819283894
3.557551979762795
3.707146201866309
3.923550967794207
3.6422372798980778
3.387413751656341
3.401820128755432
4.007607762706888
3.793679317012979
3.6327611566283897
3.8126261289969277
3.1674268002894417
3.764380014793173
4.27712498004003
3.7198419772515505
3.8857378603796655
3.3797501553760156
3.709590244560769
3.540023080334548
3.300919144893159
3.4879185840025446
3.570465344620823
3.1333191084744647
3.944865758031084
3.528271038728519
3.772645188207475
3.6520621634498993
3.7879120305016087
3.9222235394979688
3.797682391935995
3.9001095993626835
3.7161187386496457
3.315208248568687
3.292269022257276
3.819504253668524
3.124877401420331
3.677868524310148
3.014565883228774
3.2697212472969777
4.002330960933647
3.2820168075599114
3.4638892478814363
3.487806336304093
3.3415828976917967
3.5080129427278917
3.5617651497433878
3.8499961875837476
3.437989728284126
3.884536362837091
3.9715267977054807
3.7125674708070835
3.966442155963287
3.6475889271900925
3.8891161537051184
3.067502690110569
3.587464563348565
4.049215448165739
3.5150092907080115
4.197315700073433
3.529131062077668
3.182289227171399
3.7951291617458978
3.673256828338139
3.86598477185079
3.633122578562487
3.6426127054669384
3.508710788604804
3.8242242555349115
4.209262833370595
3.9807669254449527
3.902319096855074
3.4877443346175303
3.9208853131005834
3.5232571873830905
3.5022735873175694
3.9421857796015747
3.813670407605695
3.625943690338322
3.58076640912203
3.5577609587719836
4.175411236195949
3.8435181062242085
3.666965066383243
4.127342191025317
3.5000788888899437
3.593405221054047
3.6754832751484443
3.5367386875964164
2.98901173526352
3.254954140781517
3.5136359372321
4.104828612466702
3.7285744830546426
3.2706314820344833
3.4212996720164024
3.6830638587178015
3.8533800939684792
3.7773603492752965
3.797571053600815
3.642452426631139
3.8488669960371675
3.710793869711361
3.657112188173916
3.5154629111732323
3.8284314979827494
3.556162519986005
3.440299450652483
3.4369758027272503
3.5585303455048773
3.4075081707979327
3.76734302860008
3.56714113729797
3.3481720532757
3.5296527170112477
3.2522420418175377
3.637584552960766
3.7943595646233477
4.0817227214114675
3.2247435888424674
3.4051299946953115
3.9306714802188645
3.762039031908047
3.763356531212682
3.2580274301423775
3.7562610965376297
3.7820469540962125
3.400158392064128
3.452630836032407
3.520077033390599
3.748780431333218
3.2381585755070232
3.825069625811437
3.6783259025858737
3.8180384405639427
3.1982294059274197
3.1678063105994343
3.2241980704998263
4.087655769449804
3.5373983074025586
3.3893389267073584
3.2420821838347123
3.0706030618225637
3.6424597339342673
3.766820430954005
4.010552185985276
3.8666455351671782
3.217037736521762
3.5230156113116755
3.3272610414648103
3.8007887577688595
3.5948881574417304
3.3256333275390078
3.4972129111160877
3.5129761682437035
3.542666952495412
3.730937770092238
3.587133634177199
3.346755133179533
2.6994690924653026
3.1801365747499712
3.862894353963645
3.335280593244063
3.382584918326722
3.8192014659721547
3.7657872795985248
3.4868924470852893
3.209296072790925
3.480925556466642
3.0947051040370117
3.6642356353375054
3.07822978243838
3.896512484629955
3.8385310561470525
3.7677097521162857
3.929253407993505
3.5811954499502074
3.3454935487306448
3.81513381458293
4.217992932418927
3.657176746269281
3.4793881661259376
3.1917122964732823
3.747266483199873
4.0000080004958125
3.195019840261061
3.6645828967635206
3.7857702317369393
3.772857622536091
3.809612017567242
4.565643425164705
3.3182975222461346
3.7014617847646347
3.535561958504087
3.2356712480513408
3.445143082102709
3.057153221327476
3.206139281556711
3.629203748192432
3.683499993950397
3.474722957929505
3.938356393444046
3.475998007948527
3.3335631073723255
4.176126776550227
3.646974954809872
3.8076302583985395
3.6559907965121443
3.6491391379385245
3.857538925596465
3.785360072921783
3.635580031013071
3.359492162353538
3.600783726459973
3.7743051244369927
3.8693063538253103
4.39717703450976
3.1148327488470033
3.335136649758514
3.9896268969241566
3.9179766159474996
3.2244380130175676
3.8973662845939487
3.6032403720159905
3.550914247331792
3.7640881736979668
3.3584156697287493
3.8570907349648014
3.852086601081144
3.6822041932502865
3.880339968514607
3.5274717082286546
3.629106591748346
3.3913955022666067
3.755151734269339
3.4888126806683246
4.125147339402019
3.6256911860848704
4.29824748450338
4.222644432996287
3.557786977619858
3.378917066910136
3.3334578303988978
3.6799423377415237
3.5753106934137167
3.661724150757989
3.614393251057757
3.788131356118635
3.5587730303684717
3.387595081979468
3.1030922763575255
3.3035621757154368
3.7451657063580477
3.645031097315886
3.454307393785477
3.1882019616554147
3.2675972402560416
3.8790806783271767
3.579828277363695
3.744798030539902
3.527905657014033
3.519725034587735
4.312495294521252
3.669332718547332
3.606587478949025
3.1556120233834863
3.5232021978169517
3.2109003892226817
3.112374093772394
3.9659390241173984
3.643556396220109
3.7699850019153756
3.7256347861791603
3.5184525714642536
3.5299168308425433
3.6756364933011305
3.1557758388527137
3.8046927683731773
3.4964004817807797
3.7825263453776232
3.140598208563382
3.511402302917431
3.3625880206636847
3.7754556215306625
2.827664587527678
3.9823673804108486
3.6188753063532473
3.4208420076875243
3.4397282216508533
3.1096277622019715
3.6636374782696914
3.5264680896291187
3.6688318935808146
3.6111736081179586
3.4248075876291852
2.959059702336615
3.7468883313293944
3.4981028119609445
3.844903302743612
3.881375791600289
4.012102117532693
3.307523453253473
3.6276497256336273
3.2700133687473185
3.7419466167029434
3.082748488040376
3.7950933861733325
3.7843571539226137
3.6162970940910264
3.1786198790859195
3.6120088678870417
3.799577476953956
4.472354982051969
3.5190371541614938
3.2870575130891644
2.8909960601977334
3.3257850042922286
3.234147776775115
4.148440155055321
3.7700821558862216
3.711604728473603
2.9823237681210437
4.143516455694595
3.3989339982840043
3.6996917922019823
3.5144488737907125
3.9201916741911402
3.797485210909407
3.6702380259390375
3.1858999714033134
3.340055966720736
3.3625724676517987
3.6895312654600105
3.6898688779863567
3.063455650995292
3.375450408395267
3.2778688867774757
3.926652247716152
3.8979671946302563
4.1587917066018205
3.351907799047443
3.3605676060582494
3.4851004259921647
3.235549762953048
3.7097984271645585
3.5545017164781205
3.7420639373124627
4.084958259023394
3.265388695160029
3.0416572191022873
3.8574658766060956
3.8370484253981356
3.778421466694741
3.438224040422284
3.7596192773501795
3.7696226439321494
4.208767502391498
3.5315947190502213
3.230813025826425
4.16501278088141
3.676681946693097
3.975762991641734
3.9284617389746592
3.498142790102538
3.6422962320009815
4.051467035618271
3.248529322964349
3.7404051838153483
3.53857926248331
4.639104952460822
3.6445446980387013
3.5733228049014043
2.949602265764304
3.7017540402373426
2.7670649453181637
3.460530917315299
3.265407388051327
3.732194251832649
3.5390069434293365
2.9260686865085566
3.5656076878251928
3.769832985633067
4.155126232808961
3.360446612319391
3.4588960054352405
3.3277178736225306
3.544800732650263
4.402120651471965
3.4871335265627135
3.6362661689222073
3.4157749775243365
3.6732646035398044
3.3143526955449745
3.2519990910404677
4.037073248664167
3.9609156246577615
3.615576575886019
2.5419463170199723
3.445567075513602
2.890303313752131
3.861621896352003
3.248355194978423
3.496920795910686
3.983088892669575
3.229866423864256
3.8953759852278598
3.849807328215697
3.350796825721137
3.294003297607997
3.484641737076389
3.393989849474483
3.487079753220807
3.689121657498091