312.02061677314026
276.02216164573457
299.63546016672143
305.62351263274206
275.7810852880103
289.6375471509199
289.4651904050131
295.27274569511246
302.7085004587116
276.88729724225453
296.02325498780215
281.6804788050448
324.09756869154154
304.42639353273194
304.38232153497836
301.65654809052967
321.8149877428849
292.9790787295507
321.15666687799575
295.0317856007324
282.156093189731
281.6079428549277
316.77693282228836
341.50493263473123
282.6327045736373
304.0339885984134
309.4197517644057
285.5421939481603
292.0821503896354
285.4594870648193
282.8015298518063
316.30721023528514
296.8399248170259
338.1152299606074
302.53791071834746
296.4006535375493
304.40726231499633
302.46213735716316
312.55568950934105
298.3896877814139
307.5759796142286
300.27482070180764
321.5480923459156
289.98352053669214
295.4358202672763
273.7343481509075
266.27148844608206
310.2578968088735
301.90674621396715
296.117916629898
321.32244558853233
292.48054001548695
265.08310884390374
322.60545913793123
296.2655000083291
277.92687955775835
299.221426452986
276.2914064221179
305.29199433712733
298.49638609197115
329.04836674883256
299.89118648750275
314.0646768107124
297.0856738026016
298.9914916501055
314.8630962884251
313.8509118540504
311.1036724786267
258.9507679699139
308.90329122734164
281.5975058738337
298.01073980025626
307.76893429666706
291.75497196462874
307.1279192041131
298.4680422510541
286.7647903681232
316.83602829947597
314.96292681992554
310.7638264719957
286.0417172860065
285.38597040333815
296.22419086884383
305.29472083401623
346.6902701728277
324.1014225682047
297.2248009040998
322.80647713788
289.1077081667076
313.30386427888203
304.02150903881636
307.6746747870888
302.9624866631919
296.45006562071774
311.3902659869825
290.7467085240104
285.8103129451482
308.0024748645699
287.70612576527344
303.60524938439806
306.0901072828036
303.2187415118947
279.3067735536812
307.8365500932833
301.4622470518124
274.24340359217564
291.94391470809006
323.592479742404
289.9006257092971
311.7015572940892
321.46334836456555
306.7001178621291
295.1636804566736
308.474392231871
307.56767343353005
301.97839319518374
324.9165919368165
299.0067842310911
318.7046163188283
294.2783181822964
316.13984510049323
298.13874406059216
291.81040125668267
328.85791235267794
272.61305899859434
284.23773267585284
318.6177393422039
278.3245468239567
289.33264198942925
295.84872349207
264.48446829276713
307.5648297826717
314.9900194854199
316.46037969471683
314.9139939050127
311.5743644380178
298.0130138643673
302.89582108393967
286.00423384788144
283.37259948618134
302.63141773182616
322.8096649389226
314.70919719224577
285.57165602690816
294.37507887510606
324.10476951386244
285.56206747076743
302.5446720238296
313.1298747333294
318.81477690883537
316.43707526489356
289.6081848920617
302.59570749787105
323.0869441859846
320.09091592924676
308.2997358773824
301.3770426025815
329.5974632988815
296.1766222361162
301.018420854798
308.8979267373028
283.8351862325274
304.0678401837599
288.53954537908294
285.8484361196559
332.0677046034238
309.43013577474085
327.2388849270349
333.9803860605714
312.1905766708785
262.09747301029677
299.95685027372065
291.2556839672726
323.2044318209686
299.64485000710965
301.54062924855845
318.7159470511066
299.9101241672771
328.1008749574074
332.73949902146745
333.77916303940674
276.812215858651
302.4842047558535
292.6010916875386
316.21300723795383
308.4632499790574
322.2998757764767
306.6672956550523
289.1816996412233
260.88881622394183
280.77204334947555
301.680971339045
290.8116016657061
296.62515401868546
307.63450416963343
304.3478707422813
291.93230362364926
314.98256761490586
306.56338020185797
313.51269086359184
308.5276483382138
329.8678310608183
309.27634152622454
295.3789713484186
297.66792942388895
330.6694560859153
301.5458724245309
277.5429227625498
295.0097459914052
320.89559838591657
327.57663848706557
275.37485502351643
315.7424819945999
300.4071403148284
282.5577360808487
300.0951817297474
310.96923848432914
277.87356984649705
300.066838256074
281.0394235205238
283.7761000016537
320.1033462364787
295.2090634080837
298.70659949110086
293.783005179228
291.8946213514066
284.2298692367212
306.7441472262546
300.8510506407243
314.05668588096165
312.130064890133
324.5991924847564
280.1425401561404
304.0897701464617
295.120747133053
285.8470232513781
277.5016100549836
311.1684468267621
301.64516000165025
315.1810322405417
281.3423854084872
273.05629468117644
263.09080503687244
333.50892768709724
311.5540606526703
299.95769000748885
283.55616493079464
298.2085952858636
290.59258246996245
292.86287265519445
328.405163060412
301.18045686829333
319.7349308209851
253.52088504531167
295.53887047187993
297.2390114528944
293.9068110150982
311.9308394680852
279.380337897755
320.2547613569283
278.52002467703613
319.7827232674352
285.4232805034255
319.1121605582976
287.3320485917476
311.77075215640866
289.5526034862443
320.57311707738404
280.65505577967883
288.53774988183477
291.2101352209334
302.23091946675265
313.9227498897351
313.3705530969433
265.23474422251735
277.4777692938982
297.12817185268955
289.02491845855144
313.2824008117272
310.24898863037475
304.3041484817636
300.64550363214215
312.35229457870196
305.98068522800406
317.42869967210174
315.34116756868656
301.55426909944686
287.5699531124132
313.21487827568615
282.60945266322534
266.2724469226839
297.5245044833377
301.3055811504743
293.6111696125133
295.3483505135224
316.96982505556406
289.29267047271594
306.845189250698
309.66458105646876
267.2143721236805
289.4370199651312
283.9546506117416
337.0223067409179
283.2575568831894
275.37598272606414
280.7519718555164
299.58583876801805
296.8770037391704
277.37879168660805
288.4034472991633
297.41980460182145
285.3956285186735
302.9006402038385
324.4065710271441
300.76045871101894
300.44468242021884
297.12982941489906
289.92673588034745
310.7400691365044
291.8844306841614
291.8570381059899
329.10800649710933
315.0184359185324
299.10977565806377
274.0402181755586
317.52067266993674
285.3840658302644
294.6125481208755
309.4673218608009
307.8511461542393
310.61900050467403
275.67590923891316
299.826512963249
290.0433624610898
293.84999234919445
314.84610471238864
297.3992556126217
294.9607238901028
272.89034102676595
315.07373413193466
313.46962008453016
303.0353740713075
298.42041314765913
308.8338143516994
259.56902212894516
308.7664418292437
292.0167823553707
300.6269270661221
318.3344848347054
288.1395371332579
293.1985928015441
334.3945210217943
288.2179863863068
309.391879091338
295.39233223203274
304.89823916129836
309.75493709955555
313.9149085467079
307.50313504315045
301.45461572391815
315.0983776478069
294.6641917058382
286.46515823319226
289.3851711793749
313.21716157361277
313.2347292463154
330.4129525982536
291.391355996197
295.7786789034502
280.6391872977994
292.9367273913996
297.0479298720424
269.6786733688798
317.92275467055356
290.3212645892345
284.426767451772
313.8560030449914
321.2132903908582
295.59688565471725
303.49690841518
289.6234572461903
335.58338020992903
304.9976048933029
303.25632064865493
302.64255853927716
290.8307687012353
341.2681306588778
299.0185049897482
303.2727008868274
320.35011545018085
296.642937365568
315.2635437695877
310.95343708661494
319.38822956312566
268.5156036521571
289.17229879696487
315.1666031391315
300.9768936271504
299.88082472155287
298.9540997451958
303.28678626286995
300.0101138666917
293.03245426977014
308.99150505299593
300.7275834932095
287.9765465976092
297.58927485316565
307.02225418205694
300.52651710644994
305.04652283385616
293.82519361916985
310.6944241076894
306.88601527047337
289.45115623443513
304.5112172016774
294.13164845846495
299.50857821305544
293.4332561419578
307.61559580457833
281.2976475525751
302.21704855659414
293.1283929034452
305.8088020406908
299.4465948652964
297.7795063325923
284.9938331513265
316.01679609458427
300.0402854706247
291.5965515977494
303.91623567165993
327.10953278741596
272.7403560944033
278.8055710091654
288.5394310097339
313.21006655597614
297.85277761970696
293.2993873583285
309.778699073475
308.9484014872217
303.42991902691017
290.3471236070152
285.4752190899817
339.3462579244878
307.5922118941026
335.9754238061338
292.4055719735765
305.85746023461843
290.4669262819774
309.6746524691579
285.9746625054347
295.70233299151045
291.81874564168993
306.4514388272418
301.0369501434275
283.2289116285656
287.95424479185107
305.6084720122596
295.20191253507693
308.2847623179368
289.04542842305017
289.0481723282654
315.50009596110425
287.8230370660323
300.20854786097277
297.8237668542948
282.67229005355335
281.7773500011872
291.2305982022773
287.9436048644345
266.2646953478285
321.79215955508255
305.1116948766489
286.6516214038671
312.0207670972471
308.57009101731046
303.9110803211403
306.0237362359891
274.8247657040999
301.7296153656147
282.842781761813
259.20605370132114
328.2275330319166
312.74845036751805
303.19550983124645
287.3929517803574
314.2757706183586
311.44215081316526
290.5877048333593
289.1823110073743
287.9090039543735
309.08925927536677
321.85516103383003
305.216255906582
300.42818718251493
283.7593671293665
280.07086603275116
319.9516653774357
308.5148780061483
326.12673449211144
323.8309703811195
310.4549498699311
299.00869553051587
297.0926482281037
314.40754491137346
295.21519582565077
307.68633261968074
281.26233168639715
313.33864396447115
314.6607787978746
307.58346549250047
308.3493951663095
307.80503678378193
301.41817741101613
307.55377565830196
298.8460172055424
311.6536537754615
287.2986731811032
313.63596945338804
284.0904449992406
314.33661312905787
294.91686484423593
298.9422106843549
291.56880284236894
301.96196758320815
300.18717179649246
284.92629413350073
272.09811851975184
309.7510741584634
262.3404241535689
289.5656002275431
333.8885349976146
289.70228926573697
297.56355837120657
282.4364094069856
296.4773226654828
306.77409217902834
309.4095870678637
267.31239501325535
287.664310086164
297.90328331932994
278.03448253508486
282.1568584054574
308.4276597306199
295.67891216965495
291.84775580212306
296.7373869922831
314.5685231261298
291.7908411036449
291.9136501157929
307.99407532640026
287.83721311997317
307.17324659232855
301.06058941885607
301.43289103681974
314.79499876042837
269.4552209952599
315.4348606411565
286.2119381821761
280.54707101449435
308.62420013718184
299.41681276346594
310.2125125818392
277.7556017300566
286.74852175998706
300.25071950810405
311.2694562253065
283.0315614117503
283.8258334779842
284.25849952038345
323.08142230495645
311.11403509111034
307.5066754052806
309.96223354008436
327.11303948017644
295.1023047062353
317.3596785463981
312.8915531706058
286.80046062026923
300.4342091776035
287.7066741378771
298.471181117689
259.2867700890556
310.5822295360883
300.94482782571134
308.7750831851433
309.79288456348866
288.1326124587952
298.12330376246075
284.157370745184
306.54744678671744
292.98147017445814
292.5276711526955
300.3972146828727
312.640362460793
295.7617273467624
296.24520816896865
292.2830710048736
302.80810079766064
283.85244382001775
294.6199005574723
280.6314136597721
303.3578039357521
293.3519777748252
306.4683495630959
307.5536484581802
305.53473784121206
311.98780085952416
315.023065590308
304.3038066047657
313.22644456697736
302.73242629847505
304.57658284622215
281.88571124659035
310.58901961294254
337.48949223117836
315.02095961056017
276.47609469003623
319.60664727273127
294.1202944945517
302.3398365394342
302.2961758949815
289.31114848547196
305.2217224750898
302.55007821766077
304.1288475470458
302.78601460210956
283.59633280314614
277.28384579880003
301.1617623552473
282.265733794211
312.89246844422917
283.2893950555401
337.4251396797108
303.2143142341206
310.6761809117943
287.2870126605137
288.06694031643
289.2569663071822
315.32214004747306
309.35501499328734
312.3210309044423
320.99048505517203
298.68818711131536
326.82837651965275
317.4384867249512
295.12077538129864
287.47008668283166
297.27770051098213
301.0410419642522
296.2019426665159
300.5355527051753
293.1240684888187
307.3204564959389
294.3955518441371
308.20964524861466
286.40023643621885
316.9841234083201
280.7024450473804
314.79194059276057
315.7072186840117
300.87925449060975
309.33831709302416
284.1567710219482
276.7868068684742
314.9785528236505
273.3261932756327
322.55482306887876
326.00301712693476
322.05579880183683
313.36155582103976
289.35773313926586
315.26127407077877
293.47183404659376
293.1852409289849
333.2708290104104
330.3824597754414
297.75886681485355
309.8050447890112
315.91093000941237
304.6694059348825
310.4136437933321
311.8076778926109
320.82542829530985
291.97907490314594
290.70761331397773
263.3610021254241
266.7296985236777
307.1856527504859
292.2830742527097
321.0711021479389
309.22553769979606
288.2677105224676
302.5334337645952
291.6403742347723
294.63693587742256
314.51347227547853
281.48820535304395
331.1994310456846
303.29655830634476
309.2767398468042
318.4316970430058
313.66262523155154
326.12324511178184
310.87157268358203
274.1334405454992
313.9814138450928
331.52914015909414
313.2454339440903
279.05770047457645
296.80718293325276
284.5588649644027
328.16212472244445
282.36535123358146
316.1225622911807
295.05307323483214
303.57212305616986
316.65516918295486
308.45682330950433
297.8933401276174
319.961884233738
322.2684202165308
317.76436202020903
323.77359169807147
285.5063146395345
290.5031097729878
289.7482594222505
295.54320712519666
307.28234462948166
322.70775727517196
291.1111921601255
298.4336567227951
299.27518700487036
300.48918699123146
294.64816426573736
348.08966212066446
305.4658176109998
274.4369790087282
309.67184474813587
317.9840904670487
306.51660445154454
307.11789340215944
274.0128626053937
297.96411164433715
302.8234853846171
310.77994955116696
302.7498821388308
314.374109968582
305.28168785952175
302.57382019568036
324.0610393144648
282.6062681140073
301.8685637006049
313.55138063741
270.3879367048659
289.96835279970674
290.0492397216074
292.117723640962
318.84757589300796
301.2087178373683
294.12049802634647
298.26084069301305
305.5159947434427
311.13894511676096
313.9854242652617
297.3844392629617
288.73125117568424
292.0756769030519
296.4107924972436
298.8372034196765
318.16086396318155
305.2096372527409
331.2302418464904
320.4989278503932
292.69168468377563
292.74364629953783
306.5145698610444
287.7333185209672
278.1867744599559
335.41038735486603
310.7838870565095
278.92207901769035
280.74110853771384
294.5375424764866
299.6681716979423
288.0214341074
323.6542302173291
292.01490976156737
304.42939529463945
285.9386975176931
319.64841266137694
287.1414537109721
285.5122932115631
285.9405953372087
289.0145853144152
295.20975456488856
324.6609414787314
266.6258035018739
312.73928268013196
306.68909627414394
300.3497946139333
287.68774737015576
301.15165466126194
277.70230794868456
294.64331159517144
325.5631441986213
305.6730118097566
288.52309294933326
283.94440406447933
306.3861821765261
298.4052724855366
325.18474293478454
303.5951982481307
276.2420609153162
318.77564330976304
319.39277050060844
287.08264191515224
299.7943291707466
301.5690965363699
272.49852885202387
320.3786857095768
311.4227162005373
299.6603504854262
278.2962578816725
312.01311723841667
274.87196102541105
279.4258059757955
327.8857514277446
289.6082657853553
326.9300336092611
317.3937401075173
297.1190804481887
309.735026671197
314.0767151634643
302.569448852145
318.43524636024733
297.4621699339506
305.0671813128431
299.12903922989864
282.12505499598814
321.04939084139073
296.63758231888255
305.88699362609907
274.16499145350895
294.5372472514615
323.9204441273387
297.01583899311237
314.89584327490155
296.0258021627656
301.9671175441815
279.8736813918233
282.6233802674192
292.77948151512715
284.0272699875453
297.24740375154266
298.62719513680815
282.41812962205995
340.8525463676398
308.4287385906123
335.3273119776362
287.1496555252923
315.1397959181351
312.2803584778152
305.9782714578371
284.11082842064127
316.6690067074119
311.46600695245655
322.33508004254776
288.15247675766057
291.60080788449426
301.577343903803
311.17027461848085
290.3175992496282
290.9372605550901
277.8587338741144
307.5333771615305
283.6846021964957
303.5047708567545
302.1570996309894
280.1731978255474
271.3243418419339
292.98209602606096
296.98911721671226
302.957419970398
312.39822395342867
265.8225827564803
295.42366409704545
310.7831892880421
293.1891812023061
296.29189815609743
290.0275099466338
304.075266253337
336.61055065602807
316.07158363181765
292.5546282831753
304.37992649630087
289.01992890051224
308.59990826300447
316.5809878469222
322.39067385540636
336.8273655507294
298.2935748414078
288.7017841241136
301.1201931350546
304.3562520491632
273.46032089987693
314.86886801298266
306.87387307671065
292.8495281212416
331.4620797206949
317.5752641168961
300.42819468265617
278.1044581763313
311.79820723192483
299.20067774865913
289.72427933948694
275.98783299974804
325.83718020964676
314.7811957448225
298.86907658165194
339.38830890643897
308.07189482701256
291.3196579956269
318.0759519022227
319.5198865304436
313.8946603815036
312.2852348835413
298.2747731172404
307.88984350709416
309.9916290108795
281.8085905456886
296.81575848723355
272.2152636575319
295.2192111967468
277.4750129647483
288.7342885764606
327.1713851634192
294.91532946188624
321.0885261684845
307.43532608282624
323.4825330506627
306.8059145754929
332.9293467220895
310.9509789547256
307.4360519078104
321.28954275420335
311.0650484229148
327.21615916765114
295.8049194234641
293.9554781586442
303.1611266313681
294.2098855907048
310.9644174665602
295.6663148806647
285.3146098287278
282.720154818813
290.3664238681998
302.3341900834995
294.2198131097801
337.67484052852376
297.21218095358034
283.6070104097358
333.40659353376986
310.5327146285594
291.99811628250416
303.4802587601365
298.04492054930665
309.90120197577465
296.9025187100863
282.6941852154238
289.2840847177755
295.1968091623477
275.9582591385275
309.50990912564015
294.3371135544747
319.67230331479095
306.1183874950369
282.2081752898389
314.41340854511674
317.3790113585584
322.032209454813
309.23463246277083
303.9673449619813
279.32924598351303
290.71189991655376
287.0614438753171
302.1996537555006
266.6932498201476
311.63413613534755
296.95755363323025
306.00984547759117
314.3718439737995
314.7145621798161
269.16414721621794
304.4683154962542
300.201869293888
296.94523222993604
308.2555804730921
311.6180577753358
302.48450384632605
283.1931078228067
