782.5195496815861
818.1391264199307
783.1803754969033
784.7771796897795
782.4442962151312
800.3637664792924
814.0718597347948
789.9235461101739
809.4622084876672
763.7676093348161
780.1739747842296
821.5593812266884
848.1582550505311
802.5556789593779
767.2139274481364
774.378241335043
803.7189504960697
763.8543283199257
746.9892954378514
783.6243856941029
768.5009527235261
779.0484719697988
727.9798357303632
770.4157504006747
758.4744980486897
791.4231853461881
815.8033606330846
861.3044986245378
837.1376150008789
796.1704844564812
835.4473659926753
744.0620604794891
795.471839353688
885.432842211988
774.7898677996426
835.8459748002305
773.4543450950499
822.8636279140562
808.1550002889644
777.375562844452
765.4779911266339
767.3138632791629
766.6134490963337
833.4169007755003
845.7014611070487
784.981814338681
789.2373731727384
823.8278017749449
834.0019513555907
785.7330420805706
774.7978472794009
794.2825976630056
785.9254497132587
766.2326192740958
749.2959343883524
840.7377358077242
812.8751277015671
824.1816972212177
885.6401448040302
797.4723182418068
846.5305876455467
828.5521566708627
849.1682760389833
801.498277569676
767.9597502227924
800.8070790704171
822.4485775121725
842.1027165654689
813.239124331848
772.2913199665485
827.7564169881282
842.9511240271383
780.8537541689049
795.1821449549791
810.4299228173097
832.2847914893473
741.79048296069
791.6774197470094
841.8700784886333
809.6654806118037
797.6474654024817
785.3079133349186
823.9398370605363
763.6144008503469
807.996809805625
796.0627679546429
796.4228811389498
818.8464033210649
809.8596724025696
794.1370794869728
812.6085953219908
754.9619468449698
802.7331444890407
800.364604556599
742.6017101136836
829.7240163063001
801.6523068836382
816.4280426859771
838.8336956833174
798.8547250787955
808.4777297401698
789.0520638620686
765.8398443612227
804.6750949341639
799.0651255506193
814.3249242782775
772.8902909978227
787.6186374898897
826.1641915925381
811.0858407640854
803.6153198838631
827.082515747813
773.4299915353964
772.5643728560934
832.6496934119345
824.022617685053
846.0047326379073
780.0308831817698
803.1139346195424
792.924044828674
767.0738432804465
748.9832289960161
803.9430628294012
826.5940608251075
792.0587988764709
771.1319236240574
806.0695686216621
792.0863165829707
774.2963590207735
777.5759822735118
776.9175805257324
803.6698858896394
786.7586191275185
782.9084077053732
843.4998785103819
859.9400356029995
782.3551390725137
790.6640108678513
793.0373785621572
744.8158700914457
780.2603592701867
806.8556515127838
830.6637814017674
829.3038051251126
830.3363602151047
761.433035669325
814.9053066960208
823.0885887763495
802.1873593130342
832.2447333416309
771.0117374061381
802.3640263116733
775.4482066843765
808.8996777264877
810.2446732081788
761.5852603547114
789.2877151231047
821.7218789566214
766.8031969556536
750.0744085723634
829.8446733555525
813.8339980088139
774.9698653293235
837.5634212140556
807.512851384834
741.3061102054169
819.017989232255
783.5152675476645
824.4401275078231
719.3073012630086
760.7886136589893
810.1420884104016
787.2540145286903
852.0948969178107
824.8894798154042
822.4503757060736
883.7969033516755
820.0267478802821
753.844186264597
759.5096427143736
805.4627576986566
818.5022751713831
776.7830895788275
759.4044891916676
752.244146711675
744.7025707893234
863.7899692227095
804.2003498790417
818.6099663825672
817.2108358061672
810.230332598705
772.4020591175864
804.0752435006162
776.2378960405899
854.6956919415662
796.7947410325165
785.996225625484
789.1919851715662
838.8600982605482
788.0318647777387
744.5886126130487
796.722780855743
772.1075570332484
768.3416704244696
764.6553983019548
758.2674155173024
778.1115174144225
798.8222132467548
797.927831075582
771.7305192266286
786.1743765483709
781.673299511523
818.936441110152
773.8606372340846
793.914922235279
803.9460332746604
785.7406312423158
811.2878053474425
777.2172820503963
782.6270854446602
810.6894964874222
783.6780882655456
778.6037432230671
832.1810455282088
792.1506574223677
843.4859779614898
803.5058589443307
809.8092971286015
789.2959730066323
791.4050727162659
806.0464529114383
789.3595960126408
818.5133652818575
801.6699345649147
811.6524573722012
804.5812710827828
781.1889699547979
761.0517446063261
812.885411842357
788.3606230830229
800.2616882594863
783.0790456130434
819.0777757612631
858.7466966583839
790.622845303105
840.6035098851398
794.3007777054648
758.7008735943753
802.6314461246874
771.4558470769318
772.1665047697606
819.7702106119657
814.2300280665635
810.2851124780536
794.1692682693267
797.190183277945
790.6018828854276
822.9634171575448
801.0819189916757
801.5160401291356
814.5912937555777
791.0515933174402
799.2925499845388
798.3314932436966
822.6373954561109
811.4842066175116
799.154587181213
797.9394978544257
736.610819978525
845.1911583414211
824.5774551713032
821.1493286984925
751.0415220155996
831.8651322845485
808.9782787133556
852.3750621350954
773.2651786862585
841.4534330109389
838.037929369247
782.0181294837546
824.4897504498064
753.4500967291812
790.8800272377499
798.0023242736769
819.6957597780462
802.1985403241658
799.1600314008369
806.9095385761211
791.3536913789153
740.5812819351532
756.151572262116
789.878646809215
811.9671032592969
810.4397873654592
802.0309786896668
791.8185958489039
740.5937818716852
785.9107332510708
816.0426619895269
782.2915134239776
852.0349343727577
793.3205379966399
801.9230676698194
800.1152176148285
796.9822770528659
816.4941158793006
855.0114385120439
811.4666944531392
781.5737265047093
790.0551910563366
813.5132794647761
859.7688366954892
830.6843982989841
799.057440607663
805.5007914509529
746.1681731599109
788.6281281016926
849.1203034963188
758.3789115131934
783.0823078728511
758.8947153545581
806.451896494434
872.8191080345027
799.8509380867171
797.1893538353189
798.9114726783773
799.3694269811637
768.7124198234048
749.5743173846594
799.1513109172248
749.3039100350545
799.8908406444017
775.095182439842
809.7178001734576
778.3890530503517
742.1514282470657
842.8343957522803
826.6579945010997
823.175622428952
749.0838374079702
788.3667626196059
825.0649603366223
780.8291098261915
856.2882767477437
751.4974066379788
842.3626903332228
799.4204149913369
818.7651481984941
808.6302067594142
791.78999815793
823.3968199356231
766.1715958563117
773.3687127900114
758.3643532812091
801.2913328640369
779.498666794175
778.2929157928896
792.4343609961537
778.939958928819
827.2061068908456
770.8044663991784
856.7432124938655
785.8880046132255
745.1728640085284
792.0446484683047
847.184638476427
803.2807330774174
758.8097475328304
850.676618704289
802.8293677094438
800.2431530375632
813.6738221886727
833.0856422056428
798.2515642831675
778.5175952513918
836.8566287715032
764.100388040788
829.5597936090057
803.3097341853653
805.7839646590141
771.3199809147217
806.2243201048188
798.2652665498069
834.2770328622295
818.5050063669795
792.6725081013032
795.2910489734307
818.4736755063262
839.2200784492302
767.455407332078
785.595309419329
797.1853629882362
780.277734895887
799.3953033154294
732.4220254773613
763.833768896959
801.3191070986356
762.7328226406313
760.6999681995303
826.3485887206245
823.0435445238015
795.3454080099945
794.8665745359701
818.8324155825127
800.0755019778427
788.6704960426547
824.558832295562
802.9091581861633
822.0358215495895
789.7645007541597
821.3470406388132
831.5948536082934
809.82161795576
807.9375691414305
811.2005034260766
840.6765393886243
750.3048975637366
777.2358217161187
872.0395672113845
816.8843597021507
837.3963819211602
841.3676767297183
801.4532770834574
792.2007540924019
832.13496086545
731.6150221758278
754.4455859599983
844.3679389821457
859.7293277065087
774.691138136138
793.0757079884338
871.3285962312889
793.7288968349534
820.0307850952564
816.6826250756806
753.9034569744748
779.6159541934717
826.040974150803
766.2461028639813
761.0477762936059
811.0718337029947
804.4125597238598
826.2354917057456
789.6898311422651
813.1937132935201
803.6564466264181
790.5500299757043
804.9641321334974
759.4706201262622
764.128509517796
880.1390053155436
815.2727346918447
772.6170989341723
792.307307057299
778.4820422744276
797.3747557300273
811.2247669861266
758.0144524125957
806.8103008293215
745.8875946987873
802.0500996826971
789.718316553185
806.7228745960601
764.5612401592094
818.9969823403386
791.6603052327735
776.9694159115741
760.7434181617411
795.9180330649507
828.7754588680818
857.8244735728387
834.2173609948599
829.6085574458742
791.5989150468647
824.5592643131861
784.6925424268691
845.7927007808032
776.9407819534943
786.1795117410038
735.6580627750791
829.7601810767502
828.0465689671533
839.1369944689441
830.1278915453037
798.5997582580532
825.1111857917355
792.5353249642744
804.3010866350847
833.573523184808
759.7312829546825
758.8378160212347
787.1995626754682
810.8030526852705
847.5056750969131
838.7866719210348
740.6418366789504
831.3071638359856
808.0658487187522
796.6745943098188
758.7899078329189
826.6976366265177
756.9031733164026
819.1618370412399
791.6304229778082
808.7398931811367
794.0912774025882
783.1549758554362
759.4601534831573
780.1556620820534
789.4975023547032
730.6939861691508
825.2633598352147
779.7265724965948
821.2894326816336
808.3365865426865
811.2222338813486
808.1769907837958
813.6914054701884
785.6722532922741
784.2878530112654
793.3302415847993
774.6213821029844
834.185961043721
849.0418232404496
795.9753871001673
783.6768809867933
747.2245093303336
793.7312046109954
824.9789985206268
745.7012772692602
695.6142628683886
821.0368094330789
814.3944253570843
854.8544829050961
829.5504990150183
792.732058644988
781.8337464260557
812.0496447360797
775.5948865014353
830.9186976693594
801.0260239402526
848.0956815251734
869.7877371603201
797.318034200568
799.8342220696355
791.4187729974401
783.7147965769105
810.5171624894513
772.1610999448735
829.1126207658374
788.7412043986584
776.9171077963066
789.0202147854053
816.8462618836418
851.81950181052
708.5378087940535
851.8964445172053
804.8407768198053
750.9408000753028
807.2552066948028
758.7659545095051
795.8365070686182
768.758325574787
799.6562125411336
797.9660545855018
837.331753947787
824.3711133701647
764.8033745616659
772.6308291603721
815.6100204476852
817.748640184037
809.3271533435168
846.8015671309721
812.246147860745
799.319767815061
808.3982747753215
858.0868338889942
885.4433051711326
783.3998745469139
801.075315028278
792.9733968520968
780.6444435546861
735.058590301825
795.5910795047798
868.6353832593295
780.1283365653209
802.2631064409393
789.9333205617945
803.4599780000678
814.0820882316277
769.2097637209018
843.2763442442656
874.2451777468402
789.246362982966
787.5773581795587
786.0429921407314
823.2962199370213
825.7405102536363
870.3506859247943
791.7012906319485
795.3727077467704
833.9090777946919
765.5098763554947
823.9276077919467
793.2324622331201
812.247944224862
817.4915381186673
791.9180645912838
775.615302100015
767.0342593749726
793.211931841673
817.7212013902159
778.2521419360444
793.6801483887969
810.6232846458306
832.9077670739086
833.586942801474
771.09410150732
819.7558219225273
837.3550673826385
807.5728218816345
832.1525497342459
832.7211278411423
833.8303254286549
809.9071181726158
786.4750217534297
794.8543090339505
805.6717859759021
800.9827177297777
808.9737169852135
815.9267651505714
829.827115964816
795.1821114771928
806.3109597839107
776.502246490539
768.2796861182504
768.99998677992
796.2949594358352
771.8090675285855
851.9673236203605
814.1704945812968
780.5166283815724
833.7369607002654
801.5704569148993
773.3226424942809
803.4428818764013
761.3764356392439
799.575072043167
840.5913786852416
791.7932580587575
807.4677103376855
827.3815010033852
791.7749973092426
733.3686539713315
813.9710548625542
793.9158301584682
731.8310269871971
795.4309945193346
767.0221869183993
713.7598120738452
804.4096521243666
845.6964131647628
770.6633212250442
806.5418490986098
767.5933579910322
803.2201978312556
801.9743088962161
771.2311707059204
856.7446432319947
794.1762159919276
752.3870059734393
809.2612361995468
838.2060667160239
812.5281259304655
810.8757169960095
785.8378435695415
774.1999776138691
800.2316861255982
811.5783445200863
812.6555801490194
774.1729966246544
823.0399469888324
771.350690755918
813.0342728245779
802.4010381844716
791.4203244901447
806.9251148698224
803.1929087117912
821.4187719901398
797.7658347368842
780.8224985974882
770.7283994379493
872.0785698967596
774.3696784672272
805.208904190234
854.8177959248309
801.8228279613497
786.8820019989504
813.6609083296999
821.6723597625671
819.8208826253286
793.6212201384419
796.4936656051581
826.208788465503
753.3556052006082
743.889815144591
775.7976556794757
811.6692278184528
802.859516828157
859.0727251443586
778.4262830989734
801.1101158924404
778.5192628043512
810.4286376056432
792.5996483685179
847.4092523445307
801.0106781989901
783.1543191974852
775.2161460246182
758.2351529140814
824.132539118234
816.8118920247798
786.7356089211213
783.3320102279552
790.0373730363053
825.0516691879084
807.656123936818
802.8469584452479
801.6415035243452
765.9095728835309
826.6585158244222
788.2886831249978
833.4372479935033
775.2238901098323
794.7297253524755
794.5537391519483
795.2839230387789
810.4303718943796
798.0762288893235
779.7533098618825
801.8500173912665
806.183219804662
794.2622914701407
792.6213683006007
809.067490877407
856.3643361973287
782.1726004131044
830.7813342280699
771.6629371846689
838.4352156733656
828.5243899486588
775.5124660121492
745.4499335581983
828.3126850807438
720.9244067776123
789.6788013500857
853.7722614281611
774.2294130358262
849.5820373711364
726.3115161810655
809.6201714183292
827.4812843328306
794.6738556733281
830.9429181695449
809.8560404405328
838.7169027821528
744.1505815217289
799.995242592227
815.6592526153751
785.3782858420526
779.6650280463826
745.4270527508203
840.351510796885
860.2261573552366
771.1594070421843
766.2893839029969
797.8304845407603
809.4849698157229
753.4271469955416
795.2401194148541
791.2130626404082
831.2687033678898
850.0837787731188
756.8505448714941
810.051932717989
779.9749581362222
823.1761793190293
775.0390142488541
784.3872683678923
767.1025917476559
853.2301163108459
791.1746717459893
838.8392454103152
786.250858925911
832.7002630222129
774.6951097855808
807.7723093708961
796.840991029591
832.4026632017004
765.1928958928556
749.4773377808503
790.2717462089731
826.2288886916574
777.4804856090713
784.7199314886248
796.7783471234953
804.0388753642019
868.134327514622
812.2448696526213
771.3154227355172
765.6946174900464
772.5464526503864
805.9609265796548
793.4770640807045
794.5408751610838
791.062306716085
796.7535526121909
792.4713886369587
788.8717351494183
788.200632162939
822.4468177989681
795.1997389686284
819.5855038774173
789.7364764334368
792.5226668681221
839.7570581111428
789.6284867497517
807.4941444336968
793.6775838606192
785.7321652837545
803.3747904272449
832.6498293188605
856.4535298043684
766.7834968580129
854.1874091072756
762.8300238740829
817.6492282020076
794.4985922118449
816.2724952058508
837.4058941826584
765.8374274793166
775.0717377016707
842.9761152677596
795.9060202042136
822.3739678920357
794.2792234914066
811.6135833208755
804.3422992398998
763.4737078674982
834.8795610787708
806.1161736537318
768.2491448753658
807.4200351233428
804.1602199114519
812.1341513142283
775.8462798143951
801.9143194240261
830.8004718874788
790.2205214436331
783.5432803979438
826.1870699200489
781.9187361327823
792.4278570277846
769.7265335634339
792.6965832099673
803.4983395063556
782.5689031161074
774.9890554153191
803.0685882974178
762.4250927275243
799.0839118691202
757.017763531916
782.6795025434999
815.7640560555586
819.5219989139556
808.6466571194545
788.6132117636198
811.6476930438772
822.7287571295383
801.7571555401784
838.8535468828002
776.5063492047894
862.7598383706452
754.8393174569742
786.3259582934336
794.0533402047596
818.4429032381428
850.5772598199802
786.0354114548031
804.5264374332303
865.7253791179431
785.6596594021217
818.738335613958
804.5976847604542
769.8564401325534
826.5906777293025
809.1758931545673
788.5155356254119
833.7778223930935
822.5639623362937
785.5752294488658
776.4363211534979
815.7486441722297
763.1631402571242
855.1617917503594
797.5029817862261
862.4698205997415
849.2699728275542
775.3146267616255
841.9852653599544
795.8894785826757
836.2981320205416
836.678474231184
841.2200095985195
792.9056655368561
798.3194394424436
796.4899752753392
782.501720716541
770.1700034951749
825.8705008693472
807.5358791736084
772.3656873691846
847.5756911961232
810.3254333444531
782.5267911953198
815.065648090155
873.7932969224304
799.5331296894842
790.5058789028274
806.0590194185663
844.3002016295447
792.6439988728209
815.8746828181826
849.0121889086021
864.5498116602406
743.5271171966418
757.9641404754962
840.8220598040009
810.2551889903178
818.561612851486
826.6213338325274
832.9320305690284
796.0984483452818
841.5010706431543
775.4191119161146
765.2621111330692
835.186893016179
798.1810254276987
745.29859680129
823.1080118442705
781.0228971668927
786.7500129449761
796.6386116283412
821.1685040048318
797.6505908589265
774.8257233116663
848.2959683380989
835.8323612614757
736.0329516214113
838.564708363913
791.1469341633914
772.1496319198662
804.3680274261447
805.2030636920883
766.4130761128856
818.1553931240045
744.5563650045611
793.4584832401819
780.7344455085785
778.4803348398582
778.2157168857851
835.3113468143732
795.7682475927594
778.3887703671452
827.8716661989992
825.0041338391834
823.4015475426346
846.2805518409239
829.6147217461677
794.1334413910128
805.0903323278321
840.4337383730568
757.0892441236813
772.2054672359047
819.3635630941147
814.4564302854516
819.1193764922344
767.5946200357822
824.672599276306
830.7674879990246
769.5093423454025
770.5768115436574
768.5890769757124
722.3051764772738
783.5734867641684
807.1503471082111
729.5128261253512
798.3646845391702
829.0599732559306
792.7045534441122
