608.474428449479
635.9244368524317
601.5893972188574
612.8599019396304
568.7712252734079
601.2785474021275
583.8471422013603
615.0724482124132
596.6210886331716
624.9386389165076
608.3669420994335
604.1952797030831
608.6481244496863
626.2128534963455
613.6110059053287
573.6800673313074
617.5891306191548
613.2156124626509
601.4371764749638
584.0599789943465
610.5358644771152
567.5000207223582
600.6263275695891
593.2198295925072
592.0260189600963
595.5504135250528
557.7904562829202
625.7691509976992
610.3610973266519
555.8093350727049
585.4436654255434
588.1716731377785
611.7360002047744
635.2362404000087
614.6662849347105
599.6399492902102
589.3970719519614
608.4981144678992
635.2682635173209
579.801498851869
599.7453377226615
593.984234768091
585.2985371453304
619.971835911895
603.6978857681227
595.5875010180534
603.1884127309263
590.1524501522622
612.217208604682
606.6555571018421
596.1415949361389
594.905233851646
600.4405377092434
576.3098664240666
579.7585966769619
598.2186721081313
593.3465334675604
582.4485721104885
599.715432312444
568.7402313780876
599.0688066845503
623.8950216203106
595.7337296824296
602.1214841873593
595.4913048968251
578.1491336470461
602.9311864671233
616.3714232011454
590.5071410972054
595.3031061747786
598.1919608319336
602.6970191007052
603.1993417635214
621.0224096891874
571.8916765463398
629.2175892987797
586.8416280460013
605.2062052628926
614.9185515743358
567.350617360392
609.2385476371605
599.3982892281836
606.4458278094515
580.363364762363
585.3201940031312
602.8225021591071
589.7963915820906
600.1160461331723
629.6545067741587
577.5426361148727
621.4290464346706
603.0304306986941
539.298025485205
598.0200651115728
623.1717038024766
604.1794295523514
591.2936754132087
592.2830674092925
592.8184725364376
589.8033216042427
592.6586525328474
591.6399167855647
567.738310879435
624.1729858810489
608.9196582341102
561.6690793441286
621.0197895488138
595.4499605859536
576.8867325652755
602.676518412356
585.5728501334733
637.5813417079747
603.1486082786965
596.2200204166777
587.3983986376536
619.3294559606022
586.0257076945605
603.1333726958135
612.5796214202776
579.8718054573293
608.5189755160129
599.2910280439777
577.3533818359258
614.0341599827508
612.2742666232567
615.8273923229088
608.863157971471
629.4168346721156
592.9515202280562
562.0662136369688
573.8475746706818
591.1857572414752
586.1098104137174
576.9002711469662
578.1821847459487
595.2659178247969
584.1684230916533
624.1764480087362
592.5240330151371
617.7798941001583
606.6768447607916
596.086799933977
581.0643427577538
620.7652221753787
575.6290209386227
607.6134479826263
595.7618762389095
607.0541326580363
599.8986536614987
623.6047344152854
540.776223141397
592.3485509368073
582.7421302895963
586.327397145883
600.9928377590402
609.3796962007431
594.475244944336
572.1433841205437
651.7593929302745
595.50996531698
594.0084268999384
638.6279460358764
594.1318695294277
597.2015577723578
630.2833624829731
614.561535437173
595.3764823719437
591.5012095474387
608.2371616306331
577.7937844748832
625.0259143171644
596.8392637022608
617.8194834832512
606.3679950193296
649.6109436411774
594.846675841046
574.0139331499331
630.9856571303268
569.6634221310055
631.4528124052553
597.9281472017735
590.08957118703
583.7178561334961
621.3222433048784
618.5019027566086
598.7948763611148
592.2911833450904
583.3369502522927
571.187623305945
554.6869702434869
612.7083978431574
622.0706423397721
568.764776807078
581.4943084998889
580.1936428094913
582.488593410744
614.8631867274315
592.2052405008552
610.7885098641706
600.8655886068673
614.0903571322012
630.0073947931071
582.7771724321664
609.2565661572606
627.9712257814413
607.7270230048016
605.4670895445535
586.9318469521634
590.7577235205263
604.6320694235205
585.8623069135518
612.626199151364
602.984077192468
580.3585259443279
592.6457961558568
608.4004627222773
577.0404213304187
599.6433980777913
636.8476270136568
594.3277872151459
611.8560648982906
543.0923983711375
589.1772384347277
541.6429685603878
617.4571715544256
603.0924090593084
591.8530000110077
568.365378599831
571.8836849256617
585.7039652635514
591.3308309950555
613.3647821748559
600.8372481778822
604.0611916057223
609.4401710545573
610.4475459601654
599.5341406709866
569.3615956872603
603.4287349604974
602.0782154666205
616.3240675014358
606.8267392084705
619.5986007194757
626.7013366740457
587.2485032336168
594.2136315771415
609.3764019269887
594.9962207689077
583.7566271225363
612.4587335433931
621.9401892443111
604.8381373165505
610.1215649530562
600.4392024645242
611.0948483911288
603.5637743236238
582.8017153132545
616.5739648086468
600.4079814715199
590.4366375061113
644.6279117987311
608.819625758666
584.1074812446884
606.1199201323516
613.5922800938324
621.86559472191
566.8375034344241
582.7178255175897
582.6332923741141
618.8430487259257
593.6789941920856
569.7944700666459
589.5009357166016
605.4480933881414
605.0112005620343
587.5038806267321
617.2036825947379
625.9301073846511
614.2240922190848
573.5332654041833
592.0610014702635
549.8374954911172
605.101924364906
606.6685809272303
588.6590229828962
592.4748419912496
581.4914225373939
593.7975995915392
618.9606228017224
622.2892251326258
603.7297692764316
615.9947294934859
611.6625226459255
619.0428960308126
583.1213413824167
595.9511020679273
613.4390313150541
575.2394925995183
614.688747609674
616.410120062323
612.6109212635201
579.4051263380156
578.8902798801072
617.7065938037726
591.8959570997736
613.7000075253732
619.126619587149
601.4812241067764
593.2981214214108
620.7327051453884
609.3981845950454
599.835080293221
580.2114900965827
581.6316421837851
584.2055499702167
584.6628809308266
621.0704548976506
610.47220164096
621.0841440190507
580.8209525738615
580.849607695311
575.8619691772581
597.6656915135587
622.2723995843195
584.553132012471
619.8793137803693
638.9295254810395
614.9820782784201
629.5766002598145
616.7358297511626
605.2488801162748
593.3622639351753
621.1043324956562
592.492320153013
586.5667906874407
644.1199217644715
602.1155272482605
601.1726016505557
612.8042295656643
607.9011847936009
577.7156175424731
621.1553992379212
607.4449163837076
594.2962554268063
561.2466986896104
605.9616506820129
605.2420426964804
637.1830135676987
555.592274422001
575.1106107480437
578.991799995138
607.4358197936309
615.0487837438085
596.9054892457506
596.7886993909849
576.8041126955455
593.2919307727083
602.3779004984779
632.5540937789183
583.258135336413
607.0138905730328
601.0394633201892
619.7267894005317
595.2510446228574
609.7373215874346
592.4828174144101
602.1213848541723
645.6053065190839
590.532402974557
579.2929318338099
580.8009444493539
585.0241831217509
595.0440730379943
621.0083305047652
558.7350522624316
643.7006753647496
599.127151537491
577.5094058680189
569.5936003958459
586.8398223386414
599.9437395642658
587.1198209595237
613.553525578812
605.454390770779
579.1587152555933
573.6173368126044
561.2917309973548
615.5301415666047
607.6925657810037
610.6875713249076
540.6256705648999
583.7847135979357
592.057006793802
604.7916931629132
618.4079948103908
600.3858631046718
595.1756081955322
602.7847857518506
618.4770393464933
615.6880654047604
606.9031031655421
590.5617001146354
602.2285813635608
606.4711957183634
599.869414551423
581.1426371050014
586.7996187501005
597.7090445058651
622.157074579981
606.062477587147
584.696689585698
555.4647267031297
579.332238124842
599.2150180002554
576.438327874837
622.5956294989343
614.7349124638976
596.8496204758723
597.4838675572036
601.397133140677
625.3375596681395
606.2108509198966
612.9953858157409
598.4028436785802
582.9402028388096
630.5510128884616
590.6691793502314
595.5718352090394
588.4924771308188
606.5962343095932
587.9999402053083
591.2606204241595
573.5854271440785
594.0350324981384
595.2128612640201
565.8394326646244
623.2836214946595
589.2670172352807
633.3946430775151
612.2615566120826
642.1767970155456
642.8173087692778
608.4867799950522
575.6241227900986
621.8128847097164
601.9085488920819
643.6037796392607
596.2140446602198
582.630545976147
617.1846642581474
568.2299414728998
639.4709848814906
635.7972799343803
603.0276196542891
600.8936697498058
602.2929088536092
600.9128759306485
601.1301175332587
606.6631736364274
561.3403465626565
607.4162508181538
632.6250620182984
579.784174792857
643.9300816888363
641.728227705566
619.4752838505785
613.7008761225184
611.865707601834
623.6970638975698
636.5897569898278
548.8989722994987
606.7861577306918
619.4692407028989
593.0572358204033
607.525555848762
636.138424016161
635.2279370737655
584.6985852861529
578.7482054205652
595.3289484265916
580.7090407914287
580.4780337538534
576.9553132693068
608.6898608437792
584.6918762434756
609.2149820564516
605.3423255878248
600.2537224109307
583.6670457567092
589.5928824956493
638.7742431454491
631.2015178839728
618.7824747570638
602.6139085019628
596.9863664991833
602.8813777438927
615.2280755948568
624.7797239174
613.9760422315918
606.606891632912
614.711541375174
619.03482419059
600.1505722025153
600.3309170518252
597.1239901548548
593.6659057741828
589.8161043508429
625.0606371131174
616.6486060464005
605.7454479965321
614.5178206863534
589.7208139914005
628.89932865746
599.0478649385763
593.5504766091279
574.654489032954
600.299868592944
574.894014983108
596.5580726903113
625.9391044764
607.7164082442083
598.454452061578
599.7643790093106
620.7850141248026
553.6872705464637
589.9892408665809
622.225040690236
562.180048449829
606.4663973381582
611.4466208884106
587.868162494139
605.8742534043363
602.8299999196336
628.7997135202262
605.964360356584
624.4723064488057
590.7080131964547
614.3323254439347
619.751098565262
579.2254808529657
582.2622538304665
591.5296277066864
602.4466519246184
600.4974312764114
603.9934443281769
614.1788043235047
611.3824365621387
596.1453385455503
592.4888891638626
591.1899839482685
598.6250264323443
596.7158336360815
553.205585724413
582.8227628014722
626.4678205725336
595.3351909882907
575.1508259005576
650.5490618934394
595.5222097808966
578.8720497876316
615.3597783627162
598.3489181170282
617.6181907330346
620.3193780242099
595.5421961953501
607.5186961984163
600.0847639880827
594.2976099193384
615.1956066510803
661.3727097565694
570.2379998183509
571.737350030984
582.1121697462218
603.9309898592036
576.256155601735
607.0365980834537
551.3765296743022
572.9655577978934
595.7286025719934
589.6296894856334
593.8479471969731
576.3508908113649
631.357379698879
622.5092066551897
616.2138201704673
596.5551511903676
596.9045033447952
587.7895650870452
632.7579096471164
602.6223267267344
611.5967099704178
572.5048325130042
599.4654281710154
576.4362859613824
609.2256536926149
583.7496243726534
612.2804593864629
625.2221780106025
591.9193656312324
603.3645227645804
604.6133211574122
586.8401401413296
604.9195732791317
597.9887775924998
610.520631070925
602.5282829268416
605.3243380917527
599.6791771165355
606.8858724792517
587.4390735845938
573.4309463814716
579.0975951147782
614.0292683185813
606.4113196222345
643.5694707790051
589.3130396851702
610.2078314665458
609.0034253310397
613.3879632998368
592.1323902402889
603.3840153166692
631.2458416613026
640.224987677121
598.6021065627145
573.0972355228646
592.5604968466619
539.9795715371928
591.0124107278373
561.7721683702972
594.8256620776756
616.1843249676523
617.5406021544032
610.813988932
615.8102197273529
604.0438489642137
586.1266660432241
588.4779617761053
605.3004828704969
638.6474302777157
556.351470183026
617.0705979943239
576.0153355334268
606.9129734083422
585.9492246977322
587.8541374849866
638.5724206347963
587.6503590382168
609.8238486884418
590.930241408706
593.4958964352082
582.5989178889963
600.2489392518393
603.9616551376065
613.5477889686633
619.5703482244186
627.0133253096296
620.7985868279708
579.1838992946367
627.0102628007309
584.5920582204094
611.4360997751165
598.2585775802975
591.0360544176536
640.957451359323
571.8022875958738
608.2477183227844
593.8807699747822
591.7910217360636
599.2683349973607
605.2773326633907
565.4910397215277
627.364846438138
632.7745667531611
596.7401788015144
608.7708018761524
586.5616294664666
574.6582275930884
605.9634784982751
566.5001772438551
605.7039194949032
597.3013312784061
606.5355638236451
621.5349404224287
611.3710466581447
575.8233132183746
602.6411532318259
605.9434411201594
594.8549302546634
617.5780494785442
600.3422942469424
635.7472904171391
620.5006756945489
598.7942752549894
606.2073104455529
606.3389131894836
598.8256938955592
568.1367637732078
624.4729246814836
624.5659670756435
609.4390559122817
645.7004700724034
589.8155545771583
620.3671171357328
593.1294936731413
569.1368125936306
593.520144246796
612.0871235551783
596.4386407400267
563.6230817288914
602.1147059452398
609.4027869578263
590.8140896513482
633.0798476112227
608.5878856311115
585.2525718731483
599.3791429255012
606.4287511526255
610.1864540356684
588.1364272774506
603.1375629093077
609.4377919287837
600.1376966953223
566.4120324710642
584.5316290294278
572.1732695694102
617.0260364714762
581.1076103243939
633.4378234075205
599.8046936323109
591.1740955533759
617.3466948488231
619.5685377398987
611.6634968863887
604.525153911531
602.785179568137
599.4051970506653
564.3908562594631
584.0837857066316
569.3179074892074
600.0432561717565
591.9075931036762
586.669902226969
632.2210265733198
611.006644434542
592.542747549014
568.6488543516493
589.6941526212029
563.4865850253265
598.8155876808473
599.6980351046806
606.3368381797044
599.954666147316
585.8163189474569
584.0030205145657
613.3698670273172
613.6732697312748
601.4539467096005
615.8491192916774
591.1038476212495
608.3920364972693
573.9754279230535
625.6878754458814
609.4857258626289
596.4569514164644
602.9942203958116
606.5566286191429
565.5493646132286
610.6652635465351
618.6524821638712
577.4132203456014
592.8356916640867
639.5886421039231
599.6158775602469
587.9926571923928
599.31447800183
612.4476310073331
605.3156840474674
629.3280689188286
595.0435133538656
602.1877677573898
609.0312035280016
628.2316637804593
595.749219305239
626.9253807145285
593.2486269074489
579.2332402831873
574.1212437729563
596.0904282919718
599.31791447643
589.799753791615
626.8322451847598
621.4751899985074
611.524475100866
605.8439017429927
598.1453347244965
598.7505073121674
590.8424725355748
602.0457704759285
621.8212201762489
612.6446079001505
589.7565712089508
602.0417281206347
564.2019571817517
610.1480478931143
576.3773594909062
626.7048454167532
557.1956917069103
588.1428387027726
649.1402228322733
568.7245453493462
601.8542994766044
579.3202241913924
597.0626743316735
556.6771878702774
628.1259615086684
647.945791956896
566.090572847332
614.054851716599
607.7531776406823
608.8706389324024
571.3293523854545
596.3365341664402
565.9957501456524
592.3889278985687
584.2062808301865
613.74868504504
604.4684546752319
597.8052168517636
589.8597129835699
603.8096067154162
627.1502024530201
605.9277526565425
590.6155970860244
601.4789709684521
596.0227035139493
605.14115156674
628.2637247739616
554.3489245192898
623.3974002046684
639.978692975432
592.5587960437514
602.5506905868449
567.8199714888262
578.9302208783092
617.0089344378804
586.1382459531169
619.4369082700272
595.9804863254778
628.0630676187735
637.3150766887799
636.484190964439
614.1325485150543
594.2823306789236
602.3032214510147
617.9913789720978
592.8287307760243
616.5302595584182
619.981435810491
616.3038711543564
669.273062751494
586.9653998695339
590.4301561942736
612.9333405891532
575.7398803968628
606.7271435411939
587.5959944768028
627.3641341256908
590.4309183500784
596.813672622841
591.1755683578504
630.6368242139597
654.2890738014672
587.9612471626751
629.0679532367168
615.9804698161233
590.2954979415266
599.8337050924428
582.2514982271564
577.9124728997134
591.1575744841575
605.9404834376488
621.2418540358844
573.620610637086
641.502718437439
615.5859862123726
583.9582136453265
591.7205300228109
597.8477040615021
605.880906839909
622.6349501872987
597.0368727773871
590.8764778745649
593.5274739706571
583.9337248311256
598.6169266251345
573.8022064268939
599.8752293570734
594.1944165990692
586.9442089124677
593.1509014187903
593.482449996558
614.655925989676
632.7314800555814
643.2865738764566
613.2594414610123
583.848939961061
593.8310928786126
581.1188967551273
650.9111166027725
611.5771995485983
525.3928304219335
592.4567570482707
596.0642908278486
566.0631623991721
618.7968773791368
634.1561851702298
556.1455597972728
589.1803330653019
553.3838662167357
606.0657690410313
632.267417353077
577.1937885659471
591.0797397629767
608.9636364620824
612.1132908779304
600.7351589913093
609.2447232221564
571.0630039370051
583.9620982739591
608.1915356380662
597.8490584651862
614.9692031696842
592.7691793135742
618.1045422383448
603.9264800630225
608.2741000347078
610.8749217614767
589.5437212816322
613.6117211372004
612.8849399506959
595.167285684997
611.4404139176091
610.8704364774221
599.1943503682135
600.3292812979485
596.0695186720543
619.3992081825116
622.3411183131202
556.8258125190014
624.6653200570639
525.1486543687466
581.3730401335847
625.4414094941172
596.5956816333364
594.4755838773475
599.2837643524364
575.0752335977264
593.3747152660583
609.8848571325549
582.5975573047615
613.5611026273059
582.990031635139
633.8228563555432
601.4742915538986
567.4605363943142
603.0416143655002
619.0288936117414
617.3789045816175
568.4184321859977
574.3454863626679
605.2295686803986
603.9054350825683
598.1452874514875
595.6002299713922
628.1970830417772
591.0972798661363
585.670441507111
584.2191550119429
609.2258715898953
576.000965335821
611.3793537946817
598.2990846551311
572.4937310498887
589.7946852250182
621.2970445768245
589.264285867194
593.3477227218227
574.0981028357224
608.1054164352286
595.7019601865736
598.6618477186711
625.5214732630805
607.7122966198692
603.2240478284812
631.1344268064856
637.0206140679604
605.0104595116303
619.6038470230917
594.8928158132322
610.7492927859859
